0.0041131676949586
0.0034461675282085
0.0013895836807293
0.0016119170696459
0.0033350008337502
0.0025012506253127
0.0023345005836251
0.0010560835973542
0.0014451670279584
0.0016119170696459
0.016119170696459
0.022344505586126
0.0010005002501251
0.0027235840142293
0.014173753543438
0.0042243343894169
0.00050025012506253
0.0042243343894169
0.00094491690289589
0.00038908343060419
0.0005558334722917
5.558334722917E-5
0.00011116669445834
0.0053915846812295
0.0005558334722917
0.023289422489022
0.0010560835973542
0.00022233338891668
0.0044466677783336
0.00016675004168751
0.00061141681952087
0.00050025012506253
0.0016675004168751
0.025290422989272
0.0047801678617086
0.0024456672780835
0.0033905841809794
0.0026680006670002
0.0027235840142293
0.0005558334722917
0.0050580845978545
0.00083375020843755
0.00022233338891668
0.0015563337224168
0.0070035017508754
0.0012228336390417
0.0039464176532711
0.00022233338891668
0.0013340003335001
0.00011116669445834
0.00044466677783336
5.558334722917E-5
0.00033350008337502
0.00044466677783336
0.00038908343060419
0.00033350008337502
0.0041131676949586
0.0056139180701462
0.0011672502918126
0.0014451670279584
0.00011116669445834
0.00011116669445834
0.00072258351397921
0.00033350008337502
0.00077816686120838
0.00061141681952087
0.00077816686120838
0.00050025012506253
0.0005558334722917
0.0023900839308543
0.0005558334722917
0.0066700016675004
0.00033350008337502
0.00088933355566672
0.0096159190706464
0.0030570840976044
0.00072258351397921
0.002612417319771
0.00016675004168751
0.00011116669445834
0.00027791673614585
0.0015563337224168
0.0010560835973542
0.0010005002501251
0.00066700016675004
0.0010005002501251
0.00011116669445834
0.0020010005002501
5.558334722917E-5
0.0035017508754377
5.558334722917E-5
0.0016119170696459
0.0065588349730421
0.00050025012506253
0.00027791673614585
0.00016675004168751
0.0020565838474793
0.0014451670279584
0.0067255850147296
0.0023345005836251
0.0015007503751876
5.558334722917E-5
0.00011116669445834
0.00094491690289589
0.00033350008337502
0.00022233338891668
0.00038908343060419
0.00027791673614585
5.558334722917E-5
0.0066144183202712
0.0051136679450837
0.0013895836807293
0.0018898338057918
0.0039464176532711
5.558334722917E-5
0.00033350008337502
0.0014451670279584
5.558334722917E-5
0.00011116669445834
0.00011116669445834
0.0010005002501251
0.0037240842643544
0.00077816686120838
0.0012228336390417
0.0005558334722917
0.00072258351397921
0.00044466677783336
0.00022233338891668
5.558334722917E-5
0.00033350008337502
0.00050025012506253
0.0045022511255628
5.558334722917E-5
0.00094491690289589
0.00066700016675004
0.00011116669445834
0.00050025012506253
0.00011116669445834
0.0020010005002501
0.0063365015841254
0.0005558334722917
5.558334722917E-5
5.558334722917E-5
5.558334722917E-5
0.00066700016675004
0.0012784169862709
0.00033350008337502
0.005891834806292
0.00027791673614585
0.0013340003335001
5.558334722917E-5
5.558334722917E-5
0.00044466677783336
0.0005558334722917
0.00044466677783336
0.00061141681952087
0.00011116669445834
0.0010560835973542
0.00022233338891668
0.00061141681952087
5.558334722917E-5
0.0013340003335001
0.0026680006670002
0.0017230837641043
0.00016675004168751
0.00083375020843755
0.00044466677783336
5.558334722917E-5
0.00016675004168751
0.00050025012506253
0.0005558334722917
0.00061141681952087
0.00022233338891668
5.558334722917E-5
5.558334722917E-5
5.558334722917E-5
5.558334722917E-5
0.00022233338891668
0.00016675004168751
0.00027791673614585
0.00044466677783336
0.0010560835973542
5.558334722917E-5
5.558334722917E-5
0.00083375020843755
0.00016675004168751
0.00022233338891668
0.0020010005002501
0.0017230837641043
0.00050025012506253
0.0051136679450837
0.0014451670279584
0.0020565838474793
5.558334722917E-5
5.558334722917E-5
0.00011116669445834
0.00011116669445834
0.0093935856817298
0.00038908343060419
0.00011116669445834
5.558334722917E-5
0.00011116669445834
0.00022233338891668
0.00016675004168751
5.558334722917E-5
0.0010005002501251
0.00061141681952087
0.0005558334722917
0.00038908343060419
0.0005558334722917
0.00027791673614585
5.558334722917E-5
0.00022233338891668
5.558334722917E-5
0.00016675004168751
0.00016675004168751
0.00033350008337502
0.012839753209938
5.558334722917E-5
5.558334722917E-5
0.0025568339725418
0.00022233338891668
0.00050025012506253
0.003279417486521
0.0030570840976044
0.0012228336390417
0.0010560835973542
5.558334722917E-5
0.0021677505419376
0.00088933355566672
0.00094491690289589
0.00061141681952087
5.558334722917E-5
0.0015563337224168
0.00066700016675004
0.0018342504585626
0.00022233338891668
0.00027791673614585
0.00050025012506253
0.0073925851814796
0.00016675004168751
0.00011116669445834
0.00044466677783336
0.00094491690289589
0.00033350008337502
0.00066700016675004
0.0005558334722917
0.0013340003335001
0.0083930854316047
0.00066700016675004
0.00038908343060419
0.00094491690289589
0.00027791673614585
0.00027791673614585
0.00077816686120838
0.00016675004168751
0.0028347507086877
0.0010005002501251
0.00016675004168751
0.00027791673614585
0.00088933355566672
0.00011116669445834
0.00011116669445834
0.00022233338891668
5.558334722917E-5
5.558334722917E-5
5.558334722917E-5
0.00072258351397921
0.00022233338891668
0.0012228336390417
5.558334722917E-5
5.558334722917E-5
5.558334722917E-5
5.558334722917E-5
0.00022233338891668
0.0020010005002501
0.00011116669445834
0.00061141681952087
0.002278917236396
0.00011116669445834
5.558334722917E-5
0.00011116669445834
0.00016675004168751
0.00016675004168751
0.00011116669445834
0.00044466677783336
0.00083375020843755
0.00022233338891668
0.00011116669445834
0.00016675004168751
0.00016675004168751
0.00011116669445834
0.0005558334722917
0.00061141681952087
5.558334722917E-5
0.002278917236396
0.00088933355566672
0.00077816686120838
0.00011116669445834
5.558334722917E-5
0.00022233338891668
0.00061141681952087
0.00022233338891668
0.0005558334722917
0.00072258351397921
0.00011116669445834
0.0043355010838753
0.00011116669445834
0.00022233338891668
5.558334722917E-5
0.00011116669445834
0.0025012506253127
5.558334722917E-5
5.558334722917E-5
0.0011116669445834
0.0005558334722917
0.00033350008337502
5.558334722917E-5
5.558334722917E-5
0.0011672502918126
0.00022233338891668
0.00022233338891668
0.00011116669445834
0.00033350008337502
0.00027791673614585
0.00016675004168751
0.00011116669445834
0.0010005002501251
0.00022233338891668
5.558334722917E-5
0.00088933355566672
0.00027791673614585
5.558334722917E-5
5.558334722917E-5
0.00022233338891668
0.00027791673614585
5.558334722917E-5
0.0011672502918126
0.0012228336390417
5.558334722917E-5
0.00061141681952087
0.00038908343060419
0.0011116669445834
0.00011116669445834
5.558334722917E-5
0.0042799177366461
0.0010560835973542
0.0012784169862709
0.0011116669445834
0.00066700016675004
0.0010005002501251
0.00022233338891668
0.00011116669445834
5.558334722917E-5
5.558334722917E-5
0.00011116669445834
5.558334722917E-5
0.00044466677783336
0.00044466677783336
0.00011116669445834
0.00061141681952087
0.00022233338891668
5.558334722917E-5
0.00083375020843755
0.00011116669445834
0.00011116669445834
5.558334722917E-5
5.558334722917E-5
5.558334722917E-5
5.558334722917E-5
0.00011116669445834
0.00044466677783336
0.00072258351397921
0.0011672502918126
5.558334722917E-5
5.558334722917E-5
0.00061141681952087
5.558334722917E-5
0.00022233338891668
0.0005558334722917
0.00011116669445834
5.558334722917E-5
5.558334722917E-5
5.558334722917E-5
0.00027791673614585
5.558334722917E-5
0.0020010005002501
5.558334722917E-5
5.558334722917E-5
0.0016675004168751
0.00066700016675004
0.00038908343060419
0.00061141681952087
0.0047801678617086
0.00044466677783336
0.00016675004168751
5.558334722917E-5
0.00088933355566672
0.0037796676115836
5.558334722917E-5
5.558334722917E-5
0.00027791673614585
0.00022233338891668
0.0028347507086877
0.00044466677783336
0.00016675004168751
0.00011116669445834
0.00011116669445834
5.558334722917E-5
5.558334722917E-5
5.558334722917E-5
5.558334722917E-5
5.558334722917E-5
5.558334722917E-5
0.00077816686120838
0.00038908343060419
5.558334722917E-5
5.558334722917E-5
0.00077816686120838
0.00044466677783336
0.00016675004168751
5.558334722917E-5
0.00011116669445834
5.558334722917E-5
0.00016675004168751
0.00033350008337502
0.00011116669445834
0.00066700016675004
0.00061141681952087
0.00044466677783336
0.00016675004168751
0.00027791673614585
0.00022233338891668
0.00027791673614585
0.00016675004168751
5.558334722917E-5
5.558334722917E-5
0.00050025012506253
0.00016675004168751
0.00011116669445834
0.00011116669445834
0.0010005002501251
0.00050025012506253
0.00016675004168751
0.00022233338891668
0.00038908343060419
5.558334722917E-5
5.558334722917E-5
0.00033350008337502
5.558334722917E-5
0.00061141681952087
0.0030015007503752
5.558334722917E-5
5.558334722917E-5
0.00038908343060419
0.00033350008337502
0.00011116669445834
5.558334722917E-5
0.00016675004168751
0.0054471680284587
5.558334722917E-5
5.558334722917E-5
0.0032238341392919
0.00072258351397921
5.558334722917E-5
0.00016675004168751
0.00050025012506253
0.00083375020843755
0.00016675004168751
5.558334722917E-5
0.0014451670279584
0.00066700016675004
0.00027791673614585
0.00011116669445834
0.0018342504585626
0.0015007503751876
0.0005558334722917
0.00027791673614585
0.00016675004168751
0.0010005002501251
5.558334722917E-5
0.00027791673614585
0.0014451670279584
5.558334722917E-5
0.00066700016675004
5.558334722917E-5
0.0063365015841254
0.00011116669445834
5.558334722917E-5
5.558334722917E-5
5.558334722917E-5
5.558334722917E-5
0.0016119170696459
0.00038908343060419
5.558334722917E-5
5.558334722917E-5
0.00022233338891668
0.00083375020843755
5.558334722917E-5
0.0012228336390417
0.00016675004168751
0.00027791673614585
0.00011116669445834
0.00016675004168751
5.558334722917E-5
0.00022233338891668
0.00094491690289589
0.00016675004168751
0.00072258351397921
0.00033350008337502
0.00011116669445834
0.00038908343060419
0.00016675004168751
5.558334722917E-5
0.00011116669445834
5.558334722917E-5
0.00033350008337502
0.00027791673614585
0.00011116669445834
0.00022233338891668
0.00011116669445834
0.00022233338891668
0.00038908343060419
0.0005558334722917
5.558334722917E-5
5.558334722917E-5
0.00044466677783336
0.00011116669445834
5.558334722917E-5
0.00022233338891668
0.00066700016675004
5.558334722917E-5
0.00033350008337502
0.00011116669445834
5.558334722917E-5
0.00022233338891668
0.00011116669445834
0.00050025012506253
0.00038908343060419
5.558334722917E-5
0.00011116669445834
0.00022233338891668
0.0005558334722917
5.558334722917E-5
0.00011116669445834
0.00072258351397921
0.00027791673614585
0.00022233338891668
0.00011116669445834
5.558334722917E-5
0.00011116669445834
0.00011116669445834
0.00033350008337502
5.558334722917E-5
0.00027791673614585
0.00027791673614585
0.00011116669445834
5.558334722917E-5
0.00066700016675004
5.558334722917E-5
5.558334722917E-5
0.00044466677783336
0.00033350008337502
0.00022233338891668
0.00016675004168751
5.558334722917E-5
5.558334722917E-5
0.00011116669445834
5.558334722917E-5
5.558334722917E-5
5.558334722917E-5
0.00022233338891668
0.00077816686120838
0.00022233338891668
0.0005558334722917
0.00011116669445834
0.00011116669445834
0.0024456672780835
0.00066700016675004
0.00016675004168751
0.00061141681952087
0.00016675004168751
5.558334722917E-5
0.00027791673614585
0.00022233338891668
0.001945417153021
5.558334722917E-5
5.558334722917E-5
5.558334722917E-5
5.558334722917E-5
0.00016675004168751
0.0012228336390417
0.0026680006670002
0.00033350008337502
0.00011116669445834
5.558334722917E-5
5.558334722917E-5
0.00044466677783336
5.558334722917E-5
0.00072258351397921
5.558334722917E-5
5.558334722917E-5
0.00083375020843755
0.0013340003335001
0.0013895836807293
0.00016675004168751
0.00022233338891668
0.00016675004168751
5.558334722917E-5
0.00011116669445834
0.00011116669445834
0.00016675004168751
5.558334722917E-5
5.558334722917E-5
0.00016675004168751
0.00072258351397921
0.00016675004168751
0.00061141681952087
0.00033350008337502
0.00022233338891668
0.00027791673614585
5.558334722917E-5
0.00033350008337502
0.00033350008337502
0.00072258351397921
0.00033350008337502
0.00044466677783336
0.00016675004168751
0.00011116669445834
0.00044466677783336
0.00038908343060419
5.558334722917E-5
0.0018342504585626
0.00022233338891668
0.00011116669445834
0.00027791673614585
0.00077816686120838
5.558334722917E-5
5.558334722917E-5
0.00011116669445834
0.00027791673614585
0.00016675004168751
5.558334722917E-5
0.00022233338891668
0.00077816686120838
5.558334722917E-5
5.558334722917E-5
5.558334722917E-5
0.00050025012506253
0.00061141681952087
5.558334722917E-5
5.558334722917E-5
0.00016675004168751
5.558334722917E-5
5.558334722917E-5
0.00016675004168751
0.00016675004168751
0.00061141681952087
0.00066700016675004
5.558334722917E-5
5.558334722917E-5
0.00083375020843755
0.00022233338891668
0.00044466677783336
5.558334722917E-5
5.558334722917E-5
5.558334722917E-5
5.558334722917E-5
5.558334722917E-5
0.0005558334722917
0.00050025012506253
0.00022233338891668
0.00011116669445834
0.0005558334722917
0.00022233338891668
0.0013340003335001
0.00044466677783336
0.00027791673614585
5.558334722917E-5
5.558334722917E-5
5.558334722917E-5
0.00016675004168751
0.00027791673614585
0.00016675004168751
5.558334722917E-5
0.00077816686120838
0.00044466677783336
0.0010560835973542
0.0021121671947085
5.558334722917E-5
0.00022233338891668
0.00016675004168751
5.558334722917E-5
5.558334722917E-5
0.00083375020843755
0.00016675004168751
0.0005558334722917
0.00016675004168751
0.00027791673614585
0.00016675004168751
0.00027791673614585
0.00022233338891668
0.00011116669445834
0.00033350008337502
0.00022233338891668
0.00016675004168751
0.00011116669445834
0.00022233338891668
0.00022233338891668
0.00011116669445834
0.00011116669445834
5.558334722917E-5
0.00022233338891668
0.00033350008337502
0.00083375020843755
0.00011116669445834
0.00022233338891668
0.00011116669445834
5.558334722917E-5
5.558334722917E-5
5.558334722917E-5
5.558334722917E-5
5.558334722917E-5
0.00033350008337502
0.00077816686120838
0.00016675004168751
5.558334722917E-5
0.00016675004168751
0.00011116669445834
0.00066700016675004
5.558334722917E-5
5.558334722917E-5
0.00011116669445834
0.00044466677783336
5.558334722917E-5
0.00022233338891668
0.00011116669445834
0.00016675004168751
0.00016675004168751
0.00022233338891668
0.00027791673614585
0.00011116669445834
0.00050025012506253
5.558334722917E-5
5.558334722917E-5
0.00011116669445834
0.00016675004168751
0.00022233338891668
0.00016675004168751
0.00011116669445834
0.00016675004168751
5.558334722917E-5
0.00027791673614585
0.00011116669445834
0.00061141681952087
0.0020565838474793
0.00011116669445834
0.00016675004168751
5.558334722917E-5
0.0025012506253127
0.00027791673614585
0.00027791673614585
5.558334722917E-5
0.00033350008337502
0.00083375020843755
0.00027791673614585
0.00022233338891668
5.558334722917E-5
0.00011116669445834
0.00016675004168751
0.00011116669445834
5.558334722917E-5
0.00050025012506253
5.558334722917E-5
5.558334722917E-5
0.00016675004168751
5.558334722917E-5
5.558334722917E-5
5.558334722917E-5
5.558334722917E-5
0.00011116669445834
0.00027791673614585
0.00044466677783336
0.00027791673614585
0.00066700016675004
5.558334722917E-5
0.00011116669445834
0.00033350008337502
0.00022233338891668
0.00011116669445834
5.558334722917E-5
5.558334722917E-5
0.00022233338891668
0.00050025012506253
5.558334722917E-5
0.00016675004168751
0.00044466677783336
5.558334722917E-5
0.00011116669445834
5.558334722917E-5
5.558334722917E-5
0.00011116669445834
0.00022233338891668
5.558334722917E-5
0.00011116669445834
0.00011116669445834
0.00011116669445834
0.00011116669445834
0.0005558334722917
5.558334722917E-5
5.558334722917E-5
5.558334722917E-5
0.00033350008337502
5.558334722917E-5
0.00033350008337502
5.558334722917E-5
5.558334722917E-5
5.558334722917E-5
5.558334722917E-5
5.558334722917E-5
0.00011116669445834
0.00027791673614585
0.00027791673614585
0.00033350008337502
0.00022233338891668
5.558334722917E-5
5.558334722917E-5
0.00016675004168751
5.558334722917E-5
0.00044466677783336
5.558334722917E-5
0.00022233338891668
0.00033350008337502
0.00016675004168751
0.00011116669445834
0.00011116669445834
5.558334722917E-5
0.00061141681952087
0.0012228336390417
0.00050025012506253
5.558334722917E-5
0.00066700016675004
0.00022233338891668
5.558334722917E-5
5.558334722917E-5
5.558334722917E-5
0.0035017508754377
5.558334722917E-5
0.00027791673614585
5.558334722917E-5
0.00011116669445834
5.558334722917E-5
0.00011116669445834
0.0016675004168751
0.00050025012506253
0.0020565838474793
5.558334722917E-5
5.558334722917E-5
0.0012784169862709
0.00027791673614585
0.00027791673614585
0.00022233338891668
0.00022233338891668
0.00011116669445834
0.00011116669445834
0.00044466677783336
0.00038908343060419
0.00022233338891668
0.00022233338891668
0.00027791673614585
0.00011116669445834
5.558334722917E-5
5.558334722917E-5
5.558334722917E-5
0.00027791673614585
0.00011116669445834
5.558334722917E-5
0.00016675004168751
5.558334722917E-5
5.558334722917E-5
5.558334722917E-5
5.558334722917E-5
0.00022233338891668
5.558334722917E-5
5.558334722917E-5
0.0005558334722917
0.00011116669445834
0.00044466677783336
0.00022233338891668
0.00022233338891668
0.0017786671113334
0.0020565838474793
0.00011116669445834
0.00011116669445834
0.0050580845978545
0.00066700016675004
0.00011116669445834
0.00022233338891668
0.00038908343060419
0.00022233338891668
0.0014451670279584
0.0013895836807293
0.00044466677783336
5.558334722917E-5
0.00027791673614585
0.0012784169862709
5.558334722917E-5
5.558334722917E-5
5.558334722917E-5
5.558334722917E-5
0.0011116669445834
0.00038908343060419
0.00011116669445834
0.00016675004168751
5.558334722917E-5
0.00011116669445834
0.00011116669445834
0.00016675004168751
0.00022233338891668
0.00027791673614585
5.558334722917E-5
5.558334722917E-5
5.558334722917E-5
0.00011116669445834
0.002278917236396
0.00011116669445834
0.00022233338891668
0.00016675004168751
0.00022233338891668
0.00011116669445834
0.00083375020843755
0.00022233338891668
0.00016675004168751
5.558334722917E-5
0.00016675004168751
0.00011116669445834
0.00016675004168751
5.558334722917E-5
0.00016675004168751
0.00011116669445834
5.558334722917E-5
0.00011116669445834
5.558334722917E-5
0.00050025012506253
0.00088933355566672
0.00033350008337502
5.558334722917E-5
5.558334722917E-5
5.558334722917E-5
0.00033350008337502
5.558334722917E-5
0.00011116669445834
5.558334722917E-5
5.558334722917E-5
0.00011116669445834
0.00011116669445834
0.00011116669445834
0.00011116669445834
0.00022233338891668
0.00011116669445834
0.00016675004168751
0.00016675004168751
0.00016675004168751
5.558334722917E-5
0.00027791673614585
5.558334722917E-5
0.00016675004168751
0.00011116669445834
0.00050025012506253
0.00016675004168751
0.00011116669445834
0.00016675004168751
5.558334722917E-5
0.00022233338891668
5.558334722917E-5
0.00011116669445834
5.558334722917E-5
5.558334722917E-5
5.558334722917E-5
0.00044466677783336
0.00011116669445834
0.00011116669445834
5.558334722917E-5
0.00077816686120838
5.558334722917E-5
0.00027791673614585
0.00016675004168751
5.558334722917E-5
0.0021121671947085
0.00077816686120838
0.0005558334722917
5.558334722917E-5
5.558334722917E-5
5.558334722917E-5
5.558334722917E-5
5.558334722917E-5
0.00011116669445834
0.0011116669445834
0.00011116669445834
5.558334722917E-5
0.00011116669445834
0.00011116669445834
0.00038908343060419
0.00044466677783336
0.0011116669445834
0.00011116669445834
0.0005558334722917
0.00022233338891668
5.558334722917E-5
5.558334722917E-5
0.0015007503751876
0.00011116669445834
5.558334722917E-5
5.558334722917E-5
0.00016675004168751
5.558334722917E-5
0.00077816686120838
0.00016675004168751
5.558334722917E-5
5.558334722917E-5
5.558334722917E-5
0.00022233338891668
5.558334722917E-5
5.558334722917E-5
5.558334722917E-5
0.00011116669445834
5.558334722917E-5
0.0005558334722917
0.00077816686120838
0.00027791673614585
0.00027791673614585
0.00050025012506253
0.00016675004168751
5.558334722917E-5
0.00022233338891668
0.00061141681952087
0.00016675004168751
0.00011116669445834
5.558334722917E-5
0.00011116669445834
5.558334722917E-5
0.00044466677783336
0.00016675004168751
5.558334722917E-5
5.558334722917E-5
0.00022233338891668
0.00016675004168751
0.00038908343060419
5.558334722917E-5
5.558334722917E-5
5.558334722917E-5
0.00011116669445834
5.558334722917E-5
5.558334722917E-5
5.558334722917E-5
0.00022233338891668
5.558334722917E-5
0.00011116669445834
0.00077816686120838
5.558334722917E-5
5.558334722917E-5
5.558334722917E-5
0.00016675004168751
0.00033350008337502
0.00011116669445834
0.00011116669445834
5.558334722917E-5
5.558334722917E-5
5.558334722917E-5
0.00011116669445834
5.558334722917E-5
0.00033350008337502
5.558334722917E-5
5.558334722917E-5
0.00011116669445834
5.558334722917E-5
0.00033350008337502
5.558334722917E-5
5.558334722917E-5
5.558334722917E-5
5.558334722917E-5
5.558334722917E-5
0.00016675004168751
5.558334722917E-5
5.558334722917E-5
5.558334722917E-5
5.558334722917E-5
0.00011116669445834
5.558334722917E-5
0.0005558334722917
5.558334722917E-5
0.00027791673614585
5.558334722917E-5
0.00011116669445834
0.00088933355566672
5.558334722917E-5
5.558334722917E-5
5.558334722917E-5
0.0018342504585626
0.00011116669445834
0.00022233338891668
5.558334722917E-5
5.558334722917E-5
0.00044466677783336
0.00016675004168751
0.00016675004168751
0.00011116669445834
5.558334722917E-5
5.558334722917E-5
5.558334722917E-5
0.00011116669445834
5.558334722917E-5
0.00072258351397921
5.558334722917E-5
5.558334722917E-5
5.558334722917E-5
5.558334722917E-5
5.558334722917E-5
0.00022233338891668
5.558334722917E-5
5.558334722917E-5
5.558334722917E-5
5.558334722917E-5
0.00016675004168751
5.558334722917E-5
5.558334722917E-5
0.00022233338891668
5.558334722917E-5
0.00011116669445834
0.00022233338891668
0.00022233338891668
5.558334722917E-5
5.558334722917E-5
5.558334722917E-5
0.00011116669445834
5.558334722917E-5
5.558334722917E-5
0.00088933355566672
0.00011116669445834
0.00022233338891668
5.558334722917E-5
5.558334722917E-5
5.558334722917E-5
5.558334722917E-5
5.558334722917E-5
5.558334722917E-5
5.558334722917E-5
5.558334722917E-5
5.558334722917E-5
5.558334722917E-5
0.00027791673614585
5.558334722917E-5
0.00011116669445834
5.558334722917E-5
0.00016675004168751
0.00016675004168751
0.00011116669445834
5.558334722917E-5
5.558334722917E-5
0.00011116669445834
5.558334722917E-5
5.558334722917E-5
5.558334722917E-5
5.558334722917E-5
5.558334722917E-5
0.00016675004168751
0.00038908343060419
0.00016675004168751
0.00011116669445834
5.558334722917E-5
5.558334722917E-5
0.00077816686120838
0.00011116669445834
5.558334722917E-5
5.558334722917E-5
5.558334722917E-5
0.00038908343060419
5.558334722917E-5
5.558334722917E-5
5.558334722917E-5
5.558334722917E-5
5.558334722917E-5
5.558334722917E-5
5.558334722917E-5
5.558334722917E-5
0.00033350008337502
5.558334722917E-5
0.0013340003335001
0.00011116669445834
5.558334722917E-5
5.558334722917E-5
0.00011116669445834
5.558334722917E-5
5.558334722917E-5
5.558334722917E-5
0.00011116669445834
5.558334722917E-5
0.00011116669445834
5.558334722917E-5
5.558334722917E-5
5.558334722917E-5
0.00022233338891668
0.00022233338891668
0.00016675004168751
0.00022233338891668
0.00016675004168751
5.558334722917E-5
0.00033350008337502
5.558334722917E-5
0.00011116669445834
0.0022233338891668
0.00011116669445834
5.558334722917E-5
0.00011116669445834
0.00016675004168751
0.00016675004168751
5.558334722917E-5
5.558334722917E-5
5.558334722917E-5
0.00044466677783336
5.558334722917E-5
5.558334722917E-5
5.558334722917E-5
0.00094491690289589
5.558334722917E-5
5.558334722917E-5
0.00066700016675004
5.558334722917E-5
5.558334722917E-5
5.558334722917E-5
0.00011116669445834
0.00016675004168751
5.558334722917E-5
0.00016675004168751
0.00011116669445834
0.00011116669445834
0.00022233338891668
5.558334722917E-5
0.00011116669445834
0.00022233338891668
5.558334722917E-5
5.558334722917E-5
0.00016675004168751
0.00016675004168751
0.00011116669445834
0.00011116669445834
0.00038908343060419
0.00022233338891668
0.00016675004168751
5.558334722917E-5
0.00022233338891668
5.558334722917E-5
5.558334722917E-5
5.558334722917E-5
5.558334722917E-5
0.00027791673614585
5.558334722917E-5
0.00011116669445834
5.558334722917E-5
0.00011116669445834
0.00011116669445834
0.00016675004168751
5.558334722917E-5
5.558334722917E-5
5.558334722917E-5
0.00011116669445834
0.00027791673614585
0.00011116669445834
5.558334722917E-5
0.00011116669445834
5.558334722917E-5
5.558334722917E-5
5.558334722917E-5
0.00011116669445834
0.00027791673614585
0.0016119170696459
0.00011116669445834
5.558334722917E-5
0.00011116669445834
0.00061141681952087
0.00011116669445834
0.00011116669445834
0.00038908343060419
0.00033350008337502
0.00011116669445834
0.00011116669445834
0.00022233338891668
0.00016675004168751
0.00011116669445834
0.0025568339725418
0.00044466677783336
0.00011116669445834
5.558334722917E-5
0.00016675004168751
5.558334722917E-5
0.00022233338891668
0.00033350008337502
0.00016675004168751
0.00011116669445834
5.558334722917E-5
5.558334722917E-5
5.558334722917E-5
0.00022233338891668
5.558334722917E-5
0.00011116669445834
0.00022233338891668
5.558334722917E-5
5.558334722917E-5
5.558334722917E-5
5.558334722917E-5
5.558334722917E-5
5.558334722917E-5
0.00016675004168751
0.00022233338891668
5.558334722917E-5
0.00011116669445834
5.558334722917E-5
5.558334722917E-5
0.00083375020843755
5.558334722917E-5
0.00033350008337502
5.558334722917E-5
0.00011116669445834
0.00011116669445834
0.00011116669445834
0.00016675004168751
0.00011116669445834
5.558334722917E-5
5.558334722917E-5
5.558334722917E-5
0.00011116669445834
5.558334722917E-5
5.558334722917E-5
0.00011116669445834
0.00011116669445834
0.00027791673614585
5.558334722917E-5
5.558334722917E-5
5.558334722917E-5
0.00027791673614585
0.00011116669445834
0.00016675004168751
5.558334722917E-5
5.558334722917E-5
5.558334722917E-5
5.558334722917E-5
5.558334722917E-5
0.00022233338891668
0.00027791673614585
0.00050025012506253
0.00044466677783336
0.00011116669445834
0.00027791673614585
0.00027791673614585
0.00011116669445834
0.00038908343060419
0.00033350008337502
5.558334722917E-5
0.00027791673614585
0.00083375020843755
0.00022233338891668
0.00061141681952087
5.558334722917E-5
0.0012784169862709
5.558334722917E-5
0.00022233338891668
5.558334722917E-5
0.00016675004168751
0.0005558334722917
0.00016675004168751
0.00011116669445834
0.00011116669445834
0.00011116669445834
5.558334722917E-5
5.558334722917E-5
5.558334722917E-5
0.00011116669445834
0.00011116669445834
0.00011116669445834
5.558334722917E-5
0.00038908343060419
0.00016675004168751
0.00016675004168751
5.558334722917E-5
5.558334722917E-5
5.558334722917E-5
5.558334722917E-5
5.558334722917E-5
5.558334722917E-5
5.558334722917E-5
5.558334722917E-5
5.558334722917E-5
0.00027791673614585
5.558334722917E-5
5.558334722917E-5
5.558334722917E-5
5.558334722917E-5
5.558334722917E-5
0.00016675004168751
0.00027791673614585
5.558334722917E-5
5.558334722917E-5
0.00011116669445834
0.00016675004168751
0.00011116669445834
0.00011116669445834
5.558334722917E-5
0.00016675004168751
0.00011116669445834
0.00016675004168751
5.558334722917E-5
5.558334722917E-5
0.00022233338891668
0.00072258351397921
0.00016675004168751
0.00016675004168751
5.558334722917E-5
5.558334722917E-5
0.00011116669445834
5.558334722917E-5
0.00016675004168751
0.00011116669445834
0.00011116669445834
0.00016675004168751
5.558334722917E-5
0.00011116669445834
5.558334722917E-5
0.00094491690289589
0.00033350008337502
0.00016675004168751
5.558334722917E-5
5.558334722917E-5
0.00011116669445834
5.558334722917E-5
5.558334722917E-5
0.00011116669445834
5.558334722917E-5
5.558334722917E-5
5.558334722917E-5
5.558334722917E-5
5.558334722917E-5
5.558334722917E-5
5.558334722917E-5
5.558334722917E-5
5.558334722917E-5
5.558334722917E-5
5.558334722917E-5
5.558334722917E-5
5.558334722917E-5
5.558334722917E-5
0.00011116669445834
0.00016675004168751
0.00011116669445834
0.00011116669445834
0.00033350008337502
5.558334722917E-5
5.558334722917E-5
5.558334722917E-5
5.558334722917E-5
5.558334722917E-5
5.558334722917E-5
5.558334722917E-5
0.00011116669445834
5.558334722917E-5
5.558334722917E-5
5.558334722917E-5
5.558334722917E-5
5.558334722917E-5
5.558334722917E-5
5.558334722917E-5
5.558334722917E-5
0.00011116669445834
0.00011116669445834
5.558334722917E-5
0.00016675004168751
5.558334722917E-5
0.00016675004168751
5.558334722917E-5
0.00027791673614585
0.0015563337224168
0.00033350008337502
0.00016675004168751
0.00011116669445834
5.558334722917E-5
0.00016675004168751
5.558334722917E-5
0.00016675004168751
0.00011116669445834
0.00011116669445834
5.558334722917E-5
5.558334722917E-5
5.558334722917E-5
5.558334722917E-5
0.00022233338891668
5.558334722917E-5
5.558334722917E-5
0.00016675004168751
5.558334722917E-5
5.558334722917E-5
0.00027791673614585
0.00011116669445834
0.00022233338891668
5.558334722917E-5
5.558334722917E-5
5.558334722917E-5
0.00016675004168751
5.558334722917E-5
5.558334722917E-5
0.00022233338891668
0.00011116669445834
0.00016675004168751
5.558334722917E-5
5.558334722917E-5
0.00016675004168751
0.00022233338891668
0.00011116669445834
5.558334722917E-5
5.558334722917E-5
0.00050025012506253
0.00016675004168751
0.00022233338891668
5.558334722917E-5
5.558334722917E-5
5.558334722917E-5
0.00016675004168751
5.558334722917E-5
0.00061141681952087
5.558334722917E-5
5.558334722917E-5
5.558334722917E-5
0.00077816686120838
0.00022233338891668
5.558334722917E-5
5.558334722917E-5
5.558334722917E-5
0.00044466677783336
0.00044466677783336
0.00016675004168751
5.558334722917E-5
0.00033350008337502
0.00044466677783336
5.558334722917E-5
0.00011116669445834
0.00050025012506253
0.00033350008337502
5.558334722917E-5
0.00033350008337502
0.00011116669445834
0.00061141681952087
0.00011116669445834
0.00011116669445834
0.00083375020843755
0.00033350008337502
0.00011116669445834
0.00044466677783336
5.558334722917E-5
5.558334722917E-5
5.558334722917E-5
0.00011116669445834
0.00022233338891668
5.558334722917E-5
5.558334722917E-5
5.558334722917E-5
5.558334722917E-5
0.00022233338891668
0.00027791673614585
0.00011116669445834
5.558334722917E-5
5.558334722917E-5
5.558334722917E-5
0.00011116669445834
0.00027791673614585
5.558334722917E-5
0.00050025012506253
0.00038908343060419
0.00011116669445834
0.00011116669445834
5.558334722917E-5
0.00016675004168751
5.558334722917E-5
5.558334722917E-5
0.00011116669445834
5.558334722917E-5
5.558334722917E-5
5.558334722917E-5
0.00022233338891668
5.558334722917E-5
5.558334722917E-5
5.558334722917E-5
5.558334722917E-5
0.00011116669445834
0.00011116669445834
0.00016675004168751
5.558334722917E-5
5.558334722917E-5
0.00022233338891668
5.558334722917E-5
5.558334722917E-5
0.00016675004168751
5.558334722917E-5
5.558334722917E-5
0.00016675004168751
5.558334722917E-5
5.558334722917E-5
5.558334722917E-5
5.558334722917E-5
0.00022233338891668
5.558334722917E-5
5.558334722917E-5
0.00033350008337502
5.558334722917E-5
5.558334722917E-5
5.558334722917E-5
0.00011116669445834
5.558334722917E-5
5.558334722917E-5
5.558334722917E-5
0.00016675004168751
0.00022233338891668
5.558334722917E-5
5.558334722917E-5
0.00011116669445834
5.558334722917E-5
0.00022233338891668
5.558334722917E-5
5.558334722917E-5
5.558334722917E-5
0.00066700016675004
5.558334722917E-5
0.00011116669445834
5.558334722917E-5
0.00011116669445834
5.558334722917E-5
5.558334722917E-5
5.558334722917E-5
5.558334722917E-5
5.558334722917E-5
0.00016675004168751
5.558334722917E-5
0.00066700016675004
5.558334722917E-5
5.558334722917E-5
5.558334722917E-5
5.558334722917E-5
0.00011116669445834
5.558334722917E-5
0.00016675004168751
5.558334722917E-5
0.00011116669445834
5.558334722917E-5
5.558334722917E-5
0.00011116669445834
0.00011116669445834
5.558334722917E-5
5.558334722917E-5
5.558334722917E-5
5.558334722917E-5
0.00011116669445834
5.558334722917E-5
5.558334722917E-5
5.558334722917E-5
0.00011116669445834
0.00011116669445834
5.558334722917E-5
5.558334722917E-5
5.558334722917E-5
5.558334722917E-5
5.558334722917E-5
5.558334722917E-5
5.558334722917E-5
0.00011116669445834
5.558334722917E-5
5.558334722917E-5
5.558334722917E-5
5.558334722917E-5
0.00011116669445834
5.558334722917E-5
5.558334722917E-5
0.00044466677783336
5.558334722917E-5
5.558334722917E-5
0.00016675004168751
5.558334722917E-5
5.558334722917E-5
5.558334722917E-5
5.558334722917E-5
5.558334722917E-5
5.558334722917E-5
5.558334722917E-5
0.00016675004168751
0.00011116669445834
5.558334722917E-5
5.558334722917E-5
0.00016675004168751
0.00027791673614585
5.558334722917E-5
5.558334722917E-5
5.558334722917E-5
0.00044466677783336
0.00011116669445834
0.00033350008337502
5.558334722917E-5
5.558334722917E-5
5.558334722917E-5
5.558334722917E-5
0.00011116669445834
5.558334722917E-5
0.00011116669445834
5.558334722917E-5
0.00011116669445834
0.00011116669445834
5.558334722917E-5
5.558334722917E-5
5.558334722917E-5
5.558334722917E-5
0.00016675004168751
0.00011116669445834
5.558334722917E-5
5.558334722917E-5
0.00016675004168751
0.00011116669445834
0.00016675004168751
0.00022233338891668
5.558334722917E-5
0.00016675004168751
5.558334722917E-5
5.558334722917E-5
5.558334722917E-5
5.558334722917E-5
5.558334722917E-5
5.558334722917E-5
0.00011116669445834
0.00011116669445834
0.00022233338891668
0.00011116669445834
5.558334722917E-5
5.558334722917E-5
5.558334722917E-5
0.00022233338891668
0.00038908343060419
5.558334722917E-5
5.558334722917E-5
0.00033350008337502
0.00027791673614585
0.00011116669445834
5.558334722917E-5
5.558334722917E-5
5.558334722917E-5
5.558334722917E-5
5.558334722917E-5
0.00027791673614585
0.00016675004168751
5.558334722917E-5
5.558334722917E-5
5.558334722917E-5
5.558334722917E-5
5.558334722917E-5
5.558334722917E-5
5.558334722917E-5
0.00094491690289589
5.558334722917E-5
5.558334722917E-5
0.00016675004168751
0.00077816686120838
5.558334722917E-5
0.00022233338891668
0.00038908343060419
5.558334722917E-5
0.00011116669445834
5.558334722917E-5
5.558334722917E-5
5.558334722917E-5
5.558334722917E-5
5.558334722917E-5
5.558334722917E-5
5.558334722917E-5
5.558334722917E-5
5.558334722917E-5
0.00022233338891668
5.558334722917E-5
5.558334722917E-5
5.558334722917E-5
5.558334722917E-5
5.558334722917E-5
5.558334722917E-5
5.558334722917E-5
5.558334722917E-5
5.558334722917E-5
0.00016675004168751
5.558334722917E-5
5.558334722917E-5
0.00033350008337502
5.558334722917E-5
0.00011116669445834
0.00022233338891668
0.00011116669445834
0.0005558334722917
0.00011116669445834
0.00011116669445834
5.558334722917E-5
0.00016675004168751
5.558334722917E-5
0.00011116669445834
5.558334722917E-5
5.558334722917E-5
0.00011116669445834
5.558334722917E-5
5.558334722917E-5
0.00038908343060419
5.558334722917E-5
0.00011116669445834
0.00011116669445834
0.00011116669445834
5.558334722917E-5
0.00033350008337502
5.558334722917E-5
5.558334722917E-5
5.558334722917E-5
5.558334722917E-5
0.00016675004168751
5.558334722917E-5
5.558334722917E-5
0.00016675004168751
0.00011116669445834
5.558334722917E-5
5.558334722917E-5
5.558334722917E-5
5.558334722917E-5
0.00011116669445834
5.558334722917E-5
5.558334722917E-5
5.558334722917E-5
5.558334722917E-5
0.00011116669445834
5.558334722917E-5
5.558334722917E-5
5.558334722917E-5
5.558334722917E-5
0.00011116669445834
0.00011116669445834
0.00011116669445834
5.558334722917E-5
0.00044466677783336
5.558334722917E-5
5.558334722917E-5
5.558334722917E-5
0.00011116669445834
0.00011116669445834
0.00011116669445834
5.558334722917E-5
5.558334722917E-5
5.558334722917E-5
5.558334722917E-5
0.00011116669445834
5.558334722917E-5
0.00011116669445834
0.00016675004168751
5.558334722917E-5
5.558334722917E-5
5.558334722917E-5
5.558334722917E-5
0.00011116669445834
5.558334722917E-5
0.00011116669445834
5.558334722917E-5
5.558334722917E-5
5.558334722917E-5
0.00050025012506253
0.00011116669445834
0.00011116669445834
0.00038908343060419
5.558334722917E-5
5.558334722917E-5
5.558334722917E-5
5.558334722917E-5
0.00011116669445834
5.558334722917E-5
0.00011116669445834
0.00011116669445834
0.00027791673614585
5.558334722917E-5
0.00011116669445834
0.00011116669445834
5.558334722917E-5
5.558334722917E-5
5.558334722917E-5
0.00016675004168751
0.00011116669445834
5.558334722917E-5
5.558334722917E-5
0.00083375020843755
0.00011116669445834
5.558334722917E-5
0.00016675004168751
5.558334722917E-5
5.558334722917E-5
5.558334722917E-5
5.558334722917E-5
5.558334722917E-5
5.558334722917E-5
0.00066700016675004
5.558334722917E-5
5.558334722917E-5
5.558334722917E-5
5.558334722917E-5
0.00011116669445834
5.558334722917E-5
5.558334722917E-5
0.00011116669445834
0.00016675004168751
5.558334722917E-5
5.558334722917E-5
5.558334722917E-5
5.558334722917E-5
0.00011116669445834
5.558334722917E-5
5.558334722917E-5
5.558334722917E-5
5.558334722917E-5
5.558334722917E-5
0.00011116669445834
5.558334722917E-5
5.558334722917E-5
5.558334722917E-5
0.00027791673614585
0.00011116669445834
0.00011116669445834
5.558334722917E-5
0.00027791673614585
5.558334722917E-5
5.558334722917E-5
5.558334722917E-5
0.00011116669445834
5.558334722917E-5
5.558334722917E-5
5.558334722917E-5
0.00016675004168751
5.558334722917E-5
5.558334722917E-5
5.558334722917E-5
5.558334722917E-5
5.558334722917E-5
5.558334722917E-5
5.558334722917E-5
5.558334722917E-5
5.558334722917E-5
5.558334722917E-5
5.558334722917E-5
0.00011116669445834
5.558334722917E-5
0.00022233338891668
0.00016675004168751
0.00011116669445834
0.00033350008337502
5.558334722917E-5
5.558334722917E-5
0.00016675004168751
5.558334722917E-5
0.00011116669445834
5.558334722917E-5
5.558334722917E-5
0.00016675004168751
5.558334722917E-5
0.00011116669445834
0.00016675004168751
5.558334722917E-5
0.00011116669445834
5.558334722917E-5
0.00016675004168751
0.00011116669445834
5.558334722917E-5
5.558334722917E-5
0.00011116669445834
5.558334722917E-5
5.558334722917E-5
5.558334722917E-5
5.558334722917E-5
0.00016675004168751
5.558334722917E-5
5.558334722917E-5
0.00011116669445834
5.558334722917E-5
5.558334722917E-5
5.558334722917E-5
5.558334722917E-5
5.558334722917E-5
5.558334722917E-5
5.558334722917E-5
5.558334722917E-5
0.00022233338891668
0.00027791673614585
0.00011116669445834
0.00022233338891668
5.558334722917E-5
5.558334722917E-5
5.558334722917E-5
5.558334722917E-5
5.558334722917E-5
5.558334722917E-5
0.00016675004168751
0.00016675004168751
5.558334722917E-5
0.00027791673614585
5.558334722917E-5
5.558334722917E-5
0.00011116669445834
5.558334722917E-5
5.558334722917E-5
5.558334722917E-5
0.0005558334722917
0.00022233338891668
0.00016675004168751
0.00011116669445834
5.558334722917E-5
5.558334722917E-5
5.558334722917E-5
0.00011116669445834
5.558334722917E-5
0.00038908343060419
5.558334722917E-5
5.558334722917E-5
5.558334722917E-5
5.558334722917E-5
5.558334722917E-5
0.00016675004168751
0.00033350008337502
5.558334722917E-5
5.558334722917E-5
5.558334722917E-5
5.558334722917E-5
0.00022233338891668
5.558334722917E-5
5.558334722917E-5
0.00011116669445834
5.558334722917E-5
5.558334722917E-5
5.558334722917E-5
5.558334722917E-5
5.558334722917E-5
5.558334722917E-5
5.558334722917E-5
5.558334722917E-5
5.558334722917E-5
5.558334722917E-5
5.558334722917E-5
5.558334722917E-5
5.558334722917E-5
0.00011116669445834
0.00022233338891668
0.0022233338891668
0.00011116669445834
5.558334722917E-5
5.558334722917E-5
5.558334722917E-5
5.558334722917E-5
0.00011116669445834
0.00066700016675004
5.558334722917E-5
5.558334722917E-5
0.00011116669445834
5.558334722917E-5
0.00011116669445834
5.558334722917E-5
5.558334722917E-5
5.558334722917E-5
0.00011116669445834
5.558334722917E-5
0.00016675004168751
0.00016675004168751
5.558334722917E-5
0.00022233338891668
5.558334722917E-5
5.558334722917E-5
5.558334722917E-5
5.558334722917E-5
5.558334722917E-5
0.00027791673614585
0.00022233338891668
0.00011116669445834
5.558334722917E-5
0.00011116669445834
5.558334722917E-5
0.00061141681952087
5.558334722917E-5
5.558334722917E-5
5.558334722917E-5
5.558334722917E-5
5.558334722917E-5
5.558334722917E-5
5.558334722917E-5
5.558334722917E-5
5.558334722917E-5
5.558334722917E-5
5.558334722917E-5
5.558334722917E-5
5.558334722917E-5
5.558334722917E-5
0.00016675004168751
5.558334722917E-5
5.558334722917E-5
5.558334722917E-5
5.558334722917E-5
0.00044466677783336
0.00027791673614585
0.00011116669445834
0.00016675004168751
5.558334722917E-5
5.558334722917E-5
5.558334722917E-5
5.558334722917E-5
5.558334722917E-5
5.558334722917E-5
0.00011116669445834
5.558334722917E-5
5.558334722917E-5
5.558334722917E-5
5.558334722917E-5
5.558334722917E-5
5.558334722917E-5
5.558334722917E-5
5.558334722917E-5
5.558334722917E-5
0.00011116669445834
5.558334722917E-5
5.558334722917E-5
0.00027791673614585
5.558334722917E-5
5.558334722917E-5
5.558334722917E-5
0.00022233338891668
5.558334722917E-5
5.558334722917E-5
5.558334722917E-5
5.558334722917E-5
0.00022233338891668
5.558334722917E-5
0.00011116669445834
0.00033350008337502
0.00011116669445834
0.00022233338891668
5.558334722917E-5
0.00011116669445834
5.558334722917E-5
5.558334722917E-5
5.558334722917E-5
5.558334722917E-5
5.558334722917E-5
0.00011116669445834
0.00011116669445834
5.558334722917E-5
5.558334722917E-5
5.558334722917E-5
5.558334722917E-5
5.558334722917E-5
5.558334722917E-5
5.558334722917E-5
5.558334722917E-5
0.00011116669445834
5.558334722917E-5
0.00011116669445834
0.00016675004168751
5.558334722917E-5
0.00016675004168751
0.00011116669445834
5.558334722917E-5
0.00011116669445834
5.558334722917E-5
5.558334722917E-5
0.00027791673614585
5.558334722917E-5
5.558334722917E-5
5.558334722917E-5
5.558334722917E-5
5.558334722917E-5
5.558334722917E-5
0.00011116669445834
5.558334722917E-5
5.558334722917E-5
5.558334722917E-5
0.00016675004168751
0.00011116669445834
5.558334722917E-5
5.558334722917E-5
5.558334722917E-5
0.00016675004168751
5.558334722917E-5
5.558334722917E-5
5.558334722917E-5
0.00011116669445834
5.558334722917E-5
5.558334722917E-5
5.558334722917E-5
0.00011116669445834
0.00011116669445834
5.558334722917E-5
5.558334722917E-5
0.00011116669445834
5.558334722917E-5
0.00016675004168751
5.558334722917E-5
0.00011116669445834
5.558334722917E-5
0.00011116669445834
0.00016675004168751
5.558334722917E-5
0.00011116669445834
0.00083375020843755
5.558334722917E-5
5.558334722917E-5
0.00011116669445834
5.558334722917E-5
0.00011116669445834
5.558334722917E-5
5.558334722917E-5
0.00011116669445834
5.558334722917E-5
0.00011116669445834
5.558334722917E-5
5.558334722917E-5
5.558334722917E-5
5.558334722917E-5
0.00016675004168751
5.558334722917E-5
0.0015007503751876
5.558334722917E-5
0.00011116669445834
5.558334722917E-5
5.558334722917E-5
5.558334722917E-5
5.558334722917E-5
5.558334722917E-5
0.00011116669445834
5.558334722917E-5
5.558334722917E-5
5.558334722917E-5
0.00011116669445834
0.00011116669445834
5.558334722917E-5
5.558334722917E-5
5.558334722917E-5
5.558334722917E-5
5.558334722917E-5
0.00016675004168751
0.00027791673614585
5.558334722917E-5
5.558334722917E-5
5.558334722917E-5
0.00011116669445834
5.558334722917E-5
0.00011116669445834
0.00011116669445834
5.558334722917E-5
5.558334722917E-5
5.558334722917E-5
5.558334722917E-5
5.558334722917E-5
0.00016675004168751
0.00016675004168751
5.558334722917E-5
0.00011116669445834
5.558334722917E-5
0.00044466677783336
5.558334722917E-5
0.00011116669445834
5.558334722917E-5
5.558334722917E-5
5.558334722917E-5
0.00011116669445834
5.558334722917E-5
5.558334722917E-5
5.558334722917E-5
5.558334722917E-5
5.558334722917E-5
0.00011116669445834
0.00016675004168751
5.558334722917E-5
0.00011116669445834
5.558334722917E-5
5.558334722917E-5
5.558334722917E-5
5.558334722917E-5
5.558334722917E-5
5.558334722917E-5
5.558334722917E-5
0.00016675004168751
5.558334722917E-5
5.558334722917E-5
0.00011116669445834
5.558334722917E-5
5.558334722917E-5
5.558334722917E-5
0.00011116669445834
5.558334722917E-5
5.558334722917E-5
5.558334722917E-5
5.558334722917E-5
5.558334722917E-5
0.00016675004168751
0.00038908343060419
5.558334722917E-5
0.00011116669445834
0.00027791673614585
0.00016675004168751
0.00016675004168751
5.558334722917E-5
5.558334722917E-5
5.558334722917E-5
0.00011116669445834
5.558334722917E-5
5.558334722917E-5
0.00011116669445834
5.558334722917E-5
5.558334722917E-5
5.558334722917E-5
0.00011116669445834
0.00011116669445834
5.558334722917E-5
0.00011116669445834
5.558334722917E-5
5.558334722917E-5
5.558334722917E-5
5.558334722917E-5
5.558334722917E-5
5.558334722917E-5
5.558334722917E-5
5.558334722917E-5
5.558334722917E-5
0.00011116669445834
5.558334722917E-5
0.00011116669445834
0.00016675004168751
5.558334722917E-5
5.558334722917E-5
5.558334722917E-5
5.558334722917E-5
5.558334722917E-5
0.00011116669445834
5.558334722917E-5
5.558334722917E-5
5.558334722917E-5
5.558334722917E-5
5.558334722917E-5
5.558334722917E-5
5.558334722917E-5
5.558334722917E-5
5.558334722917E-5
0.00011116669445834
0.00011116669445834
5.558334722917E-5
5.558334722917E-5
5.558334722917E-5
5.558334722917E-5
5.558334722917E-5
0.00011116669445834
0.00022233338891668
5.558334722917E-5
5.558334722917E-5
5.558334722917E-5
5.558334722917E-5
0.00027791673614585
5.558334722917E-5
0.0005558334722917
5.558334722917E-5
0.00022233338891668
0.00011116669445834
5.558334722917E-5
5.558334722917E-5
5.558334722917E-5
5.558334722917E-5
5.558334722917E-5
5.558334722917E-5
5.558334722917E-5
5.558334722917E-5
5.558334722917E-5
0.00011116669445834
5.558334722917E-5
5.558334722917E-5
5.558334722917E-5
5.558334722917E-5
5.558334722917E-5
5.558334722917E-5
5.558334722917E-5
0.00011116669445834
5.558334722917E-5
0.00022233338891668
5.558334722917E-5
5.558334722917E-5
5.558334722917E-5
5.558334722917E-5
5.558334722917E-5
5.558334722917E-5
0.00011116669445834
5.558334722917E-5
5.558334722917E-5
5.558334722917E-5
5.558334722917E-5
5.558334722917E-5
5.558334722917E-5
5.558334722917E-5
5.558334722917E-5
5.558334722917E-5
5.558334722917E-5
5.558334722917E-5
5.558334722917E-5
5.558334722917E-5
0.00011116669445834
0.00011116669445834
0.00016675004168751
5.558334722917E-5
5.558334722917E-5
5.558334722917E-5
0.00011116669445834
5.558334722917E-5
5.558334722917E-5
5.558334722917E-5
0.00016675004168751
5.558334722917E-5
5.558334722917E-5
0.00016675004168751
5.558334722917E-5
5.558334722917E-5
5.558334722917E-5
5.558334722917E-5
5.558334722917E-5
5.558334722917E-5
5.558334722917E-5
5.558334722917E-5
5.558334722917E-5
0.00011116669445834
5.558334722917E-5
5.558334722917E-5
5.558334722917E-5
5.558334722917E-5
5.558334722917E-5
5.558334722917E-5
5.558334722917E-5
5.558334722917E-5
5.558334722917E-5
5.558334722917E-5
5.558334722917E-5
5.558334722917E-5
5.558334722917E-5
5.558334722917E-5
5.558334722917E-5
5.558334722917E-5
0.00044466677783336
0.00011116669445834
5.558334722917E-5
5.558334722917E-5
5.558334722917E-5
5.558334722917E-5
0.00011116669445834
5.558334722917E-5
5.558334722917E-5
5.558334722917E-5
5.558334722917E-5
0.00011116669445834
0.00027791673614585
0.00011116669445834
5.558334722917E-5
5.558334722917E-5
0.00011116669445834
5.558334722917E-5
0.00011116669445834
5.558334722917E-5
5.558334722917E-5
0.00011116669445834
5.558334722917E-5
5.558334722917E-5
5.558334722917E-5
5.558334722917E-5
5.558334722917E-5
5.558334722917E-5
5.558334722917E-5
5.558334722917E-5
5.558334722917E-5
5.558334722917E-5
5.558334722917E-5
0.00011116669445834
5.558334722917E-5
0.00011116669445834
5.558334722917E-5
5.558334722917E-5
0.00011116669445834
5.558334722917E-5
5.558334722917E-5
5.558334722917E-5
5.558334722917E-5
5.558334722917E-5
5.558334722917E-5
5.558334722917E-5
5.558334722917E-5
0.00011116669445834
5.558334722917E-5
5.558334722917E-5
5.558334722917E-5
5.558334722917E-5
5.558334722917E-5
5.558334722917E-5
0.00022233338891668
5.558334722917E-5
5.558334722917E-5
5.558334722917E-5
0.00016675004168751
0.00011116669445834
5.558334722917E-5
5.558334722917E-5
5.558334722917E-5
0.00016675004168751
5.558334722917E-5
5.558334722917E-5
0.00016675004168751
5.558334722917E-5
0.00077816686120838
5.558334722917E-5
5.558334722917E-5
5.558334722917E-5
5.558334722917E-5
5.558334722917E-5
5.558334722917E-5
0.00011116669445834
0.00011116669445834
5.558334722917E-5
5.558334722917E-5
5.558334722917E-5
5.558334722917E-5
0.00011116669445834
5.558334722917E-5
5.558334722917E-5
5.558334722917E-5
5.558334722917E-5
5.558334722917E-5
5.558334722917E-5
5.558334722917E-5
5.558334722917E-5
5.558334722917E-5
5.558334722917E-5
5.558334722917E-5
5.558334722917E-5
5.558334722917E-5
5.558334722917E-5
5.558334722917E-5
5.558334722917E-5
5.558334722917E-5
5.558334722917E-5
0.00011116669445834
0.00011116669445834
5.558334722917E-5
5.558334722917E-5
5.558334722917E-5
5.558334722917E-5
5.558334722917E-5
5.558334722917E-5
5.558334722917E-5
5.558334722917E-5
5.558334722917E-5
5.558334722917E-5
5.558334722917E-5
5.558334722917E-5
5.558334722917E-5
0.00022233338891668
5.558334722917E-5
5.558334722917E-5
5.558334722917E-5
5.558334722917E-5
0.00011116669445834
0.00050025012506253
5.558334722917E-5
5.558334722917E-5
5.558334722917E-5
5.558334722917E-5
5.558334722917E-5
5.558334722917E-5
5.558334722917E-5
5.558334722917E-5
0.00016675004168751
0.00011116669445834
5.558334722917E-5
0.00011116669445834
5.558334722917E-5
5.558334722917E-5
0.00016675004168751
5.558334722917E-5
5.558334722917E-5
5.558334722917E-5
5.558334722917E-5
5.558334722917E-5
5.558334722917E-5
5.558334722917E-5
5.558334722917E-5
5.558334722917E-5
0.00016675004168751
5.558334722917E-5
5.558334722917E-5
5.558334722917E-5
5.558334722917E-5
5.558334722917E-5
5.558334722917E-5
5.558334722917E-5
5.558334722917E-5
0.00016675004168751
5.558334722917E-5
5.558334722917E-5
5.558334722917E-5
0.00061141681952087
0.00061141681952087
0.00011116669445834
5.558334722917E-5
5.558334722917E-5
5.558334722917E-5
5.558334722917E-5
0.00044466677783336
0.00011116669445834
5.558334722917E-5
5.558334722917E-5
5.558334722917E-5
0.00033350008337502
0.00016675004168751
5.558334722917E-5
0.00011116669445834
5.558334722917E-5
5.558334722917E-5
5.558334722917E-5
0.00016675004168751
0.00011116669445834
0.00011116669445834
5.558334722917E-5
5.558334722917E-5
5.558334722917E-5
5.558334722917E-5
5.558334722917E-5
5.558334722917E-5
0.00011116669445834
5.558334722917E-5
5.558334722917E-5
5.558334722917E-5
5.558334722917E-5
5.558334722917E-5
5.558334722917E-5
0.00011116669445834
5.558334722917E-5
5.558334722917E-5
5.558334722917E-5
5.558334722917E-5
0.00016675004168751
5.558334722917E-5
0.00011116669445834
5.558334722917E-5
5.558334722917E-5
5.558334722917E-5
5.558334722917E-5
5.558334722917E-5
5.558334722917E-5
5.558334722917E-5
5.558334722917E-5
5.558334722917E-5
0.00011116669445834
0.00061141681952087
0.00016675004168751
5.558334722917E-5
0.00011116669445834
5.558334722917E-5
5.558334722917E-5
0.00022233338891668
5.558334722917E-5
5.558334722917E-5
5.558334722917E-5
5.558334722917E-5
5.558334722917E-5
5.558334722917E-5
5.558334722917E-5
5.558334722917E-5
5.558334722917E-5
5.558334722917E-5
5.558334722917E-5
5.558334722917E-5
5.558334722917E-5
5.558334722917E-5
0.00016675004168751
5.558334722917E-5
0.00011116669445834
0.00011116669445834
0.00011116669445834
5.558334722917E-5
5.558334722917E-5
5.558334722917E-5
5.558334722917E-5
5.558334722917E-5
5.558334722917E-5
5.558334722917E-5
5.558334722917E-5
5.558334722917E-5
5.558334722917E-5
5.558334722917E-5
0.00011116669445834
5.558334722917E-5
5.558334722917E-5
5.558334722917E-5
5.558334722917E-5
5.558334722917E-5
0.00016675004168751
0.00016675004168751
0.00016675004168751
0.00011116669445834
0.00011116669445834
0.00011116669445834
0.00011116669445834
0.00027791673614585
0.00011116669445834
0.00011116669445834
0.00011116669445834
0.00011116669445834
0.00011116669445834
0.00016675004168751
0.00011116669445834
0.00022233338891668
0.00022233338891668
0.00016675004168751
0.00011116669445834
0.00011116669445834
0.00011116669445834
0.00011116669445834
0.00022233338891668
0.00016675004168751
0.00011116669445834
0.00011116669445834
0.00016675004168751
0.00011116669445834
0.00011116669445834
0.00011116669445834
0.00016675004168751
0.00016675004168751
0.00011116669445834
0.00011116669445834
0.00011116669445834
0.00011116669445834
0.00033350008337502
0.00027791673614585
0.00022233338891668
0.00022233338891668
0.00016675004168751
0.00011116669445834
0.00011116669445834
0.00011116669445834
0.00011116669445834
0.00011116669445834
0.00011116669445834
0.00011116669445834
0.00011116669445834
0.00011116669445834
0.00011116669445834
0.00011116669445834
0.00016675004168751
0.00011116669445834
0.00016675004168751
0.00016675004168751
0.00011116669445834
0.00011116669445834
0.00011116669445834
0.00027791673614585
0.00011116669445834
0.00011116669445834
0.00011116669445834
0.00011116669445834
0.00011116669445834
0.00011116669445834
0.00011116669445834
0.00011116669445834
0.00011116669445834
0.00011116669445834
0.00011116669445834
0.00011116669445834
0.00016675004168751
0.00016675004168751
0.00011116669445834
0.00011116669445834
0.00011116669445834
0.00016675004168751
0.00022233338891668
0.00011116669445834
0.00011116669445834
0.00011116669445834
0.00011116669445834
0.00011116669445834
0.00011116669445834
0.00011116669445834
0.00011116669445834
0.00016675004168751
0.00011116669445834
0.00011116669445834
0.00011116669445834
0.00016675004168751
0.00011116669445834
0.00011116669445834
0.00011116669445834
0.00022233338891668
0.00016675004168751
0.00016675004168751
0.00011116669445834
0.00016675004168751
0.00011116669445834
0.00011116669445834
0.00011116669445834
0.00011116669445834
0.00011116669445834
0.00016675004168751
0.00011116669445834
0.00016675004168751
0.00011116669445834
0.00011116669445834
0.00011116669445834
0.00016675004168751
0.00016675004168751
0.00022233338891668
0.00011116669445834
0.00011116669445834
0.00011116669445834
0.00011116669445834
0.00011116669445834
0.00016675004168751
0.00011116669445834
0.00011116669445834
0.00011116669445834
0.00011116669445834
0.00011116669445834
0.00011116669445834
0.00011116669445834
0.00011116669445834
0.00011116669445834
0.00011116669445834
0.00011116669445834
0.00011116669445834
0.00011116669445834
0.00016675004168751
0.00011116669445834
0.00011116669445834
0.00011116669445834
0.00011116669445834
0.00011116669445834
0.00011116669445834
0.00011116669445834
0.00011116669445834
0.00011116669445834
0.00011116669445834
0.00016675004168751
0.00011116669445834
0.00011116669445834
0.00011116669445834
0.00011116669445834
0.00011116669445834
0.00011116669445834
0.00011116669445834
0.00011116669445834
0.00011116669445834
0.00011116669445834
0.00011116669445834
0.00011116669445834
0.00011116669445834
0.00011116669445834
0.00027791673614585
0.00011116669445834
0.00011116669445834
0.00016675004168751
0.00011116669445834
0.00011116669445834
0.00011116669445834
0.00011116669445834
0.00011116669445834
0.00011116669445834
0.00011116669445834
0.00011116669445834
0.00011116669445834
0.00016675004168751
0.00011116669445834
0.00011116669445834
0.00027791673614585
0.00011116669445834
0.00011116669445834
0.00016675004168751
0.00022233338891668
0.00011116669445834
0.00011116669445834
0.00011116669445834
0.00011116669445834
0.00011116669445834
0.00011116669445834
0.00011116669445834
0.00011116669445834
0.00011116669445834
0.00016675004168751
0.00011116669445834
0.00011116669445834
0.00011116669445834
0.00016675004168751
0.00011116669445834
0.00011116669445834
0.00022233338891668
0.00011116669445834
0.00011116669445834
0.00011116669445834
0.00011116669445834
0.00011116669445834
0.00011116669445834
0.00011116669445834
0.00011116669445834
0.00011116669445834
0.00011116669445834
0.00011116669445834
0.00011116669445834
0.00011116669445834
0.00011116669445834
0.00016675004168751
0.00016675004168751
0.00011116669445834
0.00016675004168751
0.00011116669445834
0.00011116669445834
0.00011116669445834
0.00011116669445834
0.00011116669445834
0.00011116669445834
0.00022233338891668
0.00011116669445834
0.00011116669445834
0.00011116669445834
0.00011116669445834
0.00011116669445834
0.00011116669445834
0.00011116669445834
0.00011116669445834
0.00011116669445834
0.00011116669445834
0.00011116669445834
0.00011116669445834
0.00011116669445834
0.00011116669445834
0.00011116669445834
0.00011116669445834
0.00011116669445834
0.00011116669445834
0.00011116669445834
0.00011116669445834
0.00011116669445834
0.00016675004168751
0.00016675004168751
0.00011116669445834
0.00011116669445834
0.00011116669445834
0.00011116669445834
0.00011116669445834
0.00011116669445834
0.00016675004168751
0.00011116669445834
0.00011116669445834
0.00011116669445834
0.00011116669445834
0.00011116669445834
0.00011116669445834
0.00011116669445834
0.00011116669445834
0.00011116669445834
0.00011116669445834
0.00011116669445834
0.00011116669445834
0.00016675004168751
0.00011116669445834
0.00011116669445834
0.00011116669445834
0.00011116669445834
0.00011116669445834
0.00011116669445834
0.00022233338891668
0.00011116669445834
0.00011116669445834
0.00011116669445834
0.00011116669445834
0.00011116669445834
0.00011116669445834
0.00011116669445834
0.00011116669445834
0.00027791673614585
0.00016675004168751
0.00016675004168751
0.00011116669445834
0.00016675004168751
0.00011116669445834
0.00011116669445834
0.00011116669445834
0.00011116669445834
0.00011116669445834
0.00011116669445834
0.00011116669445834
0.00011116669445834
0.00011116669445834
0.00011116669445834
0.00011116669445834
0.00011116669445834
0.00011116669445834
0.00016675004168751
0.00011116669445834
0.00011116669445834
0.00011116669445834
0.00011116669445834
0.00011116669445834
0.00011116669445834
0.00011116669445834
0.00011116669445834
0.00011116669445834
0.00016675004168751
0.00011116669445834
0.00011116669445834
0.00016675004168751
0.00027791673614585
0.00011116669445834
0.00011116669445834
0.00011116669445834
0.00011116669445834
0.00011116669445834
0.00011116669445834
0.00011116669445834
0.00011116669445834
0.00011116669445834
0.00011116669445834
0.00016675004168751
0.00011116669445834
0.00016675004168751
0.00011116669445834
0.00011116669445834
0.00011116669445834
0.00011116669445834
0.00011116669445834
0.00011116669445834
0.00011116669445834
0.00011116669445834
0.00011116669445834
0.00022233338891668
0.00011116669445834
0.00011116669445834
0.00011116669445834
0.00011116669445834
0.00011116669445834
0.00011116669445834
0.00011116669445834
0.00011116669445834
0.00011116669445834
0.00011116669445834
0.00011116669445834
0.00011116669445834
0.00011116669445834
0.00011116669445834
0.00011116669445834
0.00011116669445834
0.00011116669445834
0.00016675004168751
0.00011116669445834
0.00011116669445834
0.00011116669445834
0.00011116669445834
0.00011116669445834
0.00011116669445834
0.00016675004168751
0.00011116669445834
0.00011116669445834
0.00011116669445834
0.00011116669445834
0.00016675004168751
0.00016675004168751
0.00016675004168751
0.00011116669445834
0.00011116669445834
0.00011116669445834
0.00011116669445834
0.00011116669445834
0.00011116669445834
0.00011116669445834
0.00011116669445834
0.00016675004168751
0.00011116669445834
0.00011116669445834
0.00011116669445834
0.00011116669445834
0.00011116669445834
0.00011116669445834
0.00011116669445834
0.00011116669445834
0.00011116669445834
0.00016675004168751
0.00011116669445834
0.00011116669445834
0.00011116669445834
0.00016675004168751
0.00011116669445834
0.00011116669445834
0.00011116669445834
0.00011116669445834
0.00011116669445834
0.00011116669445834
0.00011116669445834
0.00011116669445834
0.00011116669445834
0.00011116669445834
0.00011116669445834
0.00011116669445834
0.00011116669445834
0.00011116669445834
0.00011116669445834
0.00011116669445834
0.00011116669445834
0.00011116669445834
0.00011116669445834
0.00011116669445834
0.00011116669445834
0.00011116669445834
0.00011116669445834
0.00011116669445834
0.00011116669445834
0.00011116669445834
0.00016675004168751
0.00011116669445834
0.00011116669445834
0.00016675004168751
0.00011116669445834
0.00011116669445834
0.00011116669445834
0.00011116669445834
0.00011116669445834
0.00011116669445834
0.00011116669445834
0.00011116669445834
0.00016675004168751
0.00011116669445834
0.00011116669445834
0.00011116669445834
0.00011116669445834
0.00011116669445834
0.00016675004168751
0.00011116669445834
0.00011116669445834
0.00011116669445834
0.00011116669445834
0.00011116669445834
0.00011116669445834
0.00011116669445834
0.00011116669445834
0.00011116669445834
0.00011116669445834
0.00011116669445834
0.00011116669445834
0.00011116669445834
0.00011116669445834
0.00011116669445834
0.00011116669445834
0.00011116669445834
0.00011116669445834
0.00011116669445834
0.00011116669445834
0.00011116669445834
0.00011116669445834
0.00011116669445834
0.00011116669445834
0.00011116669445834
0.00011116669445834
0.00011116669445834
0.00011116669445834
0.00011116669445834
0.00011116669445834
0.00011116669445834
0.00011116669445834
0.00011116669445834
5.558334722917E-5
5.558334722917E-5
5.558334722917E-5
5.558334722917E-5
5.558334722917E-5
5.558334722917E-5
5.558334722917E-5
5.558334722917E-5
5.558334722917E-5
5.558334722917E-5
5.558334722917E-5
5.558334722917E-5
5.558334722917E-5
5.558334722917E-5
5.558334722917E-5
5.558334722917E-5
5.558334722917E-5
5.558334722917E-5
5.558334722917E-5
5.558334722917E-5
5.558334722917E-5
5.558334722917E-5
5.558334722917E-5
5.558334722917E-5
5.558334722917E-5
5.558334722917E-5
5.558334722917E-5
5.558334722917E-5
5.558334722917E-5
5.558334722917E-5
5.558334722917E-5
5.558334722917E-5
5.558334722917E-5
5.558334722917E-5
5.558334722917E-5
5.558334722917E-5
5.558334722917E-5
5.558334722917E-5
5.558334722917E-5
5.558334722917E-5
5.558334722917E-5
5.558334722917E-5
5.558334722917E-5
5.558334722917E-5
5.558334722917E-5
5.558334722917E-5
5.558334722917E-5
5.558334722917E-5
5.558334722917E-5
5.558334722917E-5
5.558334722917E-5
5.558334722917E-5
5.558334722917E-5
5.558334722917E-5
5.558334722917E-5
5.558334722917E-5
5.558334722917E-5
5.558334722917E-5
5.558334722917E-5
5.558334722917E-5
5.558334722917E-5
5.558334722917E-5
5.558334722917E-5
5.558334722917E-5
5.558334722917E-5
5.558334722917E-5
5.558334722917E-5
5.558334722917E-5
5.558334722917E-5
5.558334722917E-5
5.558334722917E-5
5.558334722917E-5
5.558334722917E-5
5.558334722917E-5
5.558334722917E-5
5.558334722917E-5
5.558334722917E-5
5.558334722917E-5
5.558334722917E-5
5.558334722917E-5
5.558334722917E-5
5.558334722917E-5
5.558334722917E-5
5.558334722917E-5
5.558334722917E-5
5.558334722917E-5
5.558334722917E-5
5.558334722917E-5
5.558334722917E-5
5.558334722917E-5
5.558334722917E-5
5.558334722917E-5
5.558334722917E-5
5.558334722917E-5
5.558334722917E-5
5.558334722917E-5
5.558334722917E-5
5.558334722917E-5
5.558334722917E-5
5.558334722917E-5
5.558334722917E-5
5.558334722917E-5
5.558334722917E-5
5.558334722917E-5
5.558334722917E-5
5.558334722917E-5
5.558334722917E-5
5.558334722917E-5
5.558334722917E-5
5.558334722917E-5
5.558334722917E-5
5.558334722917E-5
5.558334722917E-5
5.558334722917E-5
5.558334722917E-5
5.558334722917E-5
5.558334722917E-5
5.558334722917E-5
5.558334722917E-5
5.558334722917E-5
5.558334722917E-5
5.558334722917E-5
5.558334722917E-5
5.558334722917E-5
5.558334722917E-5
5.558334722917E-5
5.558334722917E-5
5.558334722917E-5
5.558334722917E-5
5.558334722917E-5
5.558334722917E-5
5.558334722917E-5
5.558334722917E-5
5.558334722917E-5
5.558334722917E-5
5.558334722917E-5
5.558334722917E-5
5.558334722917E-5
5.558334722917E-5
5.558334722917E-5
5.558334722917E-5
5.558334722917E-5
5.558334722917E-5
5.558334722917E-5
5.558334722917E-5
5.558334722917E-5
5.558334722917E-5
5.558334722917E-5
5.558334722917E-5
5.558334722917E-5
5.558334722917E-5
5.558334722917E-5
5.558334722917E-5
5.558334722917E-5
5.558334722917E-5
5.558334722917E-5
5.558334722917E-5
5.558334722917E-5
5.558334722917E-5
5.558334722917E-5
5.558334722917E-5
5.558334722917E-5
5.558334722917E-5
5.558334722917E-5
5.558334722917E-5
5.558334722917E-5
5.558334722917E-5
5.558334722917E-5
5.558334722917E-5
5.558334722917E-5
5.558334722917E-5
5.558334722917E-5
5.558334722917E-5
5.558334722917E-5
5.558334722917E-5
5.558334722917E-5
5.558334722917E-5
5.558334722917E-5
5.558334722917E-5
5.558334722917E-5
5.558334722917E-5
5.558334722917E-5
5.558334722917E-5
5.558334722917E-5
5.558334722917E-5
5.558334722917E-5
5.558334722917E-5
5.558334722917E-5
5.558334722917E-5
5.558334722917E-5
5.558334722917E-5
5.558334722917E-5
5.558334722917E-5
5.558334722917E-5
5.558334722917E-5
5.558334722917E-5
5.558334722917E-5
5.558334722917E-5
5.558334722917E-5
5.558334722917E-5
5.558334722917E-5
5.558334722917E-5
5.558334722917E-5
5.558334722917E-5
5.558334722917E-5
5.558334722917E-5
5.558334722917E-5
5.558334722917E-5
5.558334722917E-5
5.558334722917E-5
5.558334722917E-5
5.558334722917E-5
5.558334722917E-5
5.558334722917E-5
5.558334722917E-5
5.558334722917E-5
5.558334722917E-5
5.558334722917E-5
5.558334722917E-5
5.558334722917E-5
5.558334722917E-5
5.558334722917E-5
5.558334722917E-5
5.558334722917E-5
5.558334722917E-5
5.558334722917E-5
5.558334722917E-5
5.558334722917E-5
5.558334722917E-5
5.558334722917E-5
5.558334722917E-5
5.558334722917E-5
5.558334722917E-5
5.558334722917E-5
5.558334722917E-5
5.558334722917E-5
5.558334722917E-5
5.558334722917E-5
5.558334722917E-5
5.558334722917E-5
5.558334722917E-5
5.558334722917E-5
5.558334722917E-5
5.558334722917E-5
5.558334722917E-5
5.558334722917E-5
5.558334722917E-5
5.558334722917E-5
5.558334722917E-5
5.558334722917E-5
5.558334722917E-5
5.558334722917E-5
5.558334722917E-5
5.558334722917E-5
5.558334722917E-5
5.558334722917E-5
5.558334722917E-5
5.558334722917E-5
5.558334722917E-5
5.558334722917E-5
5.558334722917E-5
5.558334722917E-5
5.558334722917E-5
5.558334722917E-5
5.558334722917E-5
5.558334722917E-5
5.558334722917E-5
5.558334722917E-5
5.558334722917E-5
5.558334722917E-5
5.558334722917E-5
5.558334722917E-5
5.558334722917E-5
5.558334722917E-5
5.558334722917E-5
5.558334722917E-5
5.558334722917E-5
5.558334722917E-5
5.558334722917E-5
5.558334722917E-5
5.558334722917E-5
5.558334722917E-5
5.558334722917E-5
5.558334722917E-5
5.558334722917E-5
5.558334722917E-5
5.558334722917E-5
5.558334722917E-5
5.558334722917E-5
5.558334722917E-5
5.558334722917E-5
5.558334722917E-5
5.558334722917E-5
5.558334722917E-5
5.558334722917E-5
5.558334722917E-5
5.558334722917E-5
5.558334722917E-5
5.558334722917E-5
5.558334722917E-5
5.558334722917E-5
5.558334722917E-5
5.558334722917E-5
5.558334722917E-5
5.558334722917E-5
5.558334722917E-5
5.558334722917E-5
5.558334722917E-5
5.558334722917E-5
5.558334722917E-5
5.558334722917E-5
5.558334722917E-5
5.558334722917E-5
5.558334722917E-5
5.558334722917E-5
5.558334722917E-5
5.558334722917E-5
5.558334722917E-5
5.558334722917E-5
5.558334722917E-5
5.558334722917E-5
5.558334722917E-5
5.558334722917E-5
5.558334722917E-5
5.558334722917E-5
5.558334722917E-5
5.558334722917E-5
5.558334722917E-5
5.558334722917E-5
5.558334722917E-5
5.558334722917E-5
5.558334722917E-5
5.558334722917E-5
5.558334722917E-5
5.558334722917E-5
5.558334722917E-5
5.558334722917E-5
5.558334722917E-5
5.558334722917E-5
5.558334722917E-5
5.558334722917E-5
5.558334722917E-5
5.558334722917E-5
5.558334722917E-5
5.558334722917E-5
