0.0024160932822102
0.0021009506801828
0.0026261883502285
0.0025211408162193
0.004517043962393
0.0045695677293976
0.0043069488943747
0.0017332843111508
0.0025736645832239
0.0057776143705027
0.02137717317086
0.022112505908924
0.0019433793791691
0.0060402332055255
0.015179368664321
0.0055149955354798
0.00036766636903199
0.0047271390304113
0.0022059982141919
0.00047271390304113
0.00042019013603656
5.252376700457E-5
0.00015757130101371
0.0058826619045118
0.00031514260202742
0.011922895110037
0.0014181417091234
0.00036766636903199
0.0086138977887494
0.00021009506801828
0.0013656179421188
0.00073533273806397
0.0017858080781554
0.031304165134723
0.00793108881769
0.0038342349913336
0.009034087924786
0.0087714690897631
0.0030989022532696
0.00042019013603656
0.0029413309522559
0.00099795157308682
0.00042019013603656
0.00099795157308682
0.0095068018278271
0.0057250906034981
0.004149377593361
0.00010504753400914
0.0014181417091234
0.00015757130101371
0.00084038027207311
5.252376700457E-5
0.0013130941751142
0.0013656179421188
0.0005252376700457
0.00021009506801828
0.0088239928567677
0.0017858080781554
0.0014706654761279
0.0014706654761279
0.00084038027207311
0.00036766636903199
0.00078785650506854
0.00021009506801828
0.0015757130101371
0.0017332843111508
0.00078785650506854
0.00073533273806397
0.00078785650506854
0.0064078995745575
0.00057776143705027
0.0047796627974158
0.0005252376700457
0.0013656179421188
0.0065129471085666
0.001102999107096
0.0022059982141919
0.0027837596512422
0.00047271390304113
0.0006828089710594
0.00094542780608225
0.00015757130101371
0.0015757130101371
0.00078785650506854
0.00021009506801828
0.00021009506801828
0.00026261883502285
0.0014706654761279
0.00010504753400914
0.0028888071852513
0.00010504753400914
0.0030989022532696
0.0084038027207311
0.0010504753400914
0.00084038027207311
0.0005252376700457
0.002678712117233
0.0012080466411051
0.0061452807395346
0.0023110457482011
0.0026261883502285
5.252376700457E-5
0.00015757130101371
0.00063028520405483
0.00015757130101371
5.252376700457E-5
5.252376700457E-5
0.00021009506801828
5.252376700457E-5
0.010662324701928
0.0050422816324387
0.0014706654761279
0.0032564735542833
0.0048321865644204
0.00031514260202742
0.00063028520405483
0.00084038027207311
5.252376700457E-5
5.252376700457E-5
5.252376700457E-5
0.0013656179421188
0.0040443300593519
0.0014706654761279
0.0017332843111508
0.00057776143705027
0.00063028520405483
0.00042019013603656
0.00015757130101371
0.00015757130101371
0.0005252376700457
0.0015757130101371
0.0078260412836809
5.252376700457E-5
0.0012080466411051
0.00073533273806397
0.00036766636903199
0.00047271390304113
0.00015757130101371
0.0021534744471874
0.0066179946425758
0.00042019013603656
0.00042019013603656
5.252376700457E-5
5.252376700457E-5
0.00042019013603656
0.00057776143705027
5.252376700457E-5
0.0070907085456169
0.0005252376700457
0.0005252376700457
0.00010504753400914
0.00015757130101371
0.00031514260202742
0.00057776143705027
0.00073533273806397
0.00036766636903199
0.00021009506801828
0.0017858080781554
0.00015757130101371
0.00036766636903199
0.00010504753400914
0.0023110457482011
0.0022059982141919
0.0042544251273701
0.00015757130101371
0.0015757130101371
0.00010504753400914
5.252376700457E-5
0.00036766636903199
0.00089290403907768
0.00094542780608225
0.0006828089710594
0.00063028520405483
0.00015757130101371
5.252376700457E-5
5.252376700457E-5
0.00015757130101371
0.00021009506801828
0.00042019013603656
0.00010504753400914
0.00031514260202742
0.00084038027207311
5.252376700457E-5
0.00010504753400914
0.00084038027207311
0.00015757130101371
5.252376700457E-5
0.0085613740217448
0.0021009506801828
0.00047271390304113
0.0063553758075529
0.0033089973212879
0.0033089973212879
0.00010504753400914
5.252376700457E-5
0.00026261883502285
0.00015757130101371
0.0070381847786123
0.00057776143705027
0.00021009506801828
5.252376700457E-5
0.00010504753400914
5.252376700457E-5
0.00015757130101371
0.00010504753400914
0.0021009506801828
0.0005252376700457
0.00084038027207311
0.00099795157308682
0.0006828089710594
0.00021009506801828
5.252376700457E-5
5.252376700457E-5
0.00010504753400914
0.00042019013603656
0.00010504753400914
0.00010504753400914
0.01586217763538
5.252376700457E-5
0.00015757130101371
0.0005252376700457
0.00073533273806397
0.00026261883502285
0.0013130941751142
0.0029413309522559
0.0013130941751142
0.0012605704081097
0.00010504753400914
0.0024686170492148
0.00084038027207311
0.0027837596512422
0.00036766636903199
5.252376700457E-5
0.00031514260202742
0.00010504753400914
0.0018383318451599
0.00015757130101371
0.00026261883502285
0.00026261883502285
0.0084563264877357
0.00063028520405483
0.00010504753400914
0.00036766636903199
0.00047271390304113
0.0012605704081097
0.0012605704081097
0.00010504753400914
0.0012080466411051
0.0030989022532696
0.00031514260202742
0.00042019013603656
0.0006828089710594
0.00047271390304113
0.00047271390304113
0.0016807605441462
0.00026261883502285
0.0028362834182468
0.00057776143705027
0.00031514260202742
0.00015757130101371
0.00099795157308682
5.252376700457E-5
0.00015757130101371
0.0012605704081097
5.252376700457E-5
5.252376700457E-5
5.252376700457E-5
0.0011555228741005
0.00010504753400914
0.00073533273806397
5.252376700457E-5
0.00010504753400914
5.252376700457E-5
0.00010504753400914
0.00026261883502285
0.0016282367771417
0.00015757130101371
0.0015757130101371
0.0017858080781554
0.00015757130101371
0.00010504753400914
5.252376700457E-5
5.252376700457E-5
0.00042019013603656
0.00010504753400914
0.0014181417091234
0.00047271390304113
0.00021009506801828
0.00026261883502285
0.0006828089710594
0.0005252376700457
0.00021009506801828
0.00047271390304113
0.00057776143705027
0.00021009506801828
0.0012080466411051
0.0012605704081097
0.0014706654761279
0.00036766636903199
0.00057776143705027
0.0006828089710594
0.00073533273806397
0.00036766636903199
0.0005252376700457
0.001102999107096
0.00036766636903199
0.0045695677293976
0.00010504753400914
0.00021009506801828
5.252376700457E-5
5.252376700457E-5
0.001102999107096
5.252376700457E-5
0.00021009506801828
0.0010504753400914
0.00084038027207311
0.00010504753400914
5.252376700457E-5
5.252376700457E-5
0.0028362834182468
0.00010504753400914
5.252376700457E-5
0.00010504753400914
0.00036766636903199
0.00010504753400914
5.252376700457E-5
0.00010504753400914
0.00031514260202742
0.00010504753400914
5.252376700457E-5
0.00042019013603656
0.001102999107096
5.252376700457E-5
0.00010504753400914
0.00057776143705027
0.00047271390304113
5.252376700457E-5
0.0019959031461736
0.001102999107096
0.00010504753400914
0.0005252376700457
0.00026261883502285
0.0013656179421188
0.00015757130101371
0.00015757130101371
0.00099795157308682
0.00047271390304113
0.0006828089710594
0.00026261883502285
0.00031514260202742
0.00078785650506854
5.252376700457E-5
5.252376700457E-5
5.252376700457E-5
0.00026261883502285
5.252376700457E-5
5.252376700457E-5
0.0010504753400914
0.00026261883502285
0.00026261883502285
0.00073533273806397
0.00042019013603656
5.252376700457E-5
0.00031514260202742
5.252376700457E-5
0.00010504753400914
5.252376700457E-5
5.252376700457E-5
5.252376700457E-5
5.252376700457E-5
0.00010504753400914
0.00015757130101371
0.001102999107096
0.00047271390304113
5.252376700457E-5
5.252376700457E-5
0.00021009506801828
5.252376700457E-5
0.00036766636903199
0.00015757130101371
0.00026261883502285
0.00036766636903199
0.00010504753400914
0.00010504753400914
0.00078785650506854
0.00021009506801828
0.00084038027207311
5.252376700457E-5
0.00010504753400914
0.0012605704081097
0.00063028520405483
0.00063028520405483
0.00063028520405483
0.0019433793791691
0.00047271390304113
0.00015757130101371
5.252376700457E-5
0.0012080466411051
0.0058826619045118
5.252376700457E-5
0.00010504753400914
0.00010504753400914
0.00036766636903199
0.0018908556121645
0.00010504753400914
0.00026261883502285
0.00010504753400914
0.00010504753400914
5.252376700457E-5
0.00021009506801828
5.252376700457E-5
5.252376700457E-5
5.252376700457E-5
5.252376700457E-5
0.00047271390304113
0.00031514260202742
5.252376700457E-5
0.00010504753400914
0.00036766636903199
0.00026261883502285
0.00026261883502285
5.252376700457E-5
0.00010504753400914
5.252376700457E-5
0.00010504753400914
0.00010504753400914
0.00010504753400914
0.00042019013603656
0.00036766636903199
0.00026261883502285
0.00026261883502285
0.00063028520405483
0.00063028520405483
0.00036766636903199
0.00042019013603656
5.252376700457E-5
5.252376700457E-5
0.00047271390304113
0.00010504753400914
0.00010504753400914
5.252376700457E-5
0.0015231892431325
0.00036766636903199
0.00015757130101371
0.00015757130101371
0.00036766636903199
0.00015757130101371
5.252376700457E-5
0.00021009506801828
0.00063028520405483
0.0006828089710594
0.0015757130101371
0.00015757130101371
5.252376700457E-5
0.00026261883502285
0.00031514260202742
0.00010504753400914
0.00015757130101371
5.252376700457E-5
0.0019959031461736
0.00036766636903199
0.00010504753400914
0.0013130941751142
0.00057776143705027
0.00015757130101371
5.252376700457E-5
0.00015757130101371
0.00042019013603656
0.00015757130101371
5.252376700457E-5
0.0016282367771417
0.00073533273806397
0.0012080466411051
5.252376700457E-5
0.0014706654761279
0.00057776143705027
0.00010504753400914
0.00047271390304113
0.00026261883502285
0.0013130941751142
5.252376700457E-5
0.00031514260202742
0.0051473291664478
5.252376700457E-5
0.00073533273806397
5.252376700457E-5
0.0036241399233153
5.252376700457E-5
0.00010504753400914
0.00015757130101371
0.00010504753400914
0.00010504753400914
0.0020484269131782
0.00021009506801828
0.00010504753400914
5.252376700457E-5
0.00015757130101371
0.00084038027207311
5.252376700457E-5
0.0016807605441462
0.00026261883502285
0.00036766636903199
5.252376700457E-5
0.00021009506801828
0.00010504753400914
5.252376700457E-5
0.00084038027207311
5.252376700457E-5
0.00089290403907768
0.00057776143705027
0.00031514260202742
0.00026261883502285
5.252376700457E-5
0.00015757130101371
0.00015757130101371
5.252376700457E-5
0.00015757130101371
0.0006828089710594
0.00021009506801828
0.00015757130101371
0.00010504753400914
0.00021009506801828
0.00015757130101371
0.00073533273806397
5.252376700457E-5
5.252376700457E-5
0.0010504753400914
0.00015757130101371
5.252376700457E-5
0.00015757130101371
0.0005252376700457
5.252376700457E-5
0.00031514260202742
5.252376700457E-5
5.252376700457E-5
0.00021009506801828
5.252376700457E-5
0.00010504753400914
0.00047271390304113
5.252376700457E-5
0.00015757130101371
0.00010504753400914
0.0005252376700457
5.252376700457E-5
0.00010504753400914
0.00063028520405483
0.00063028520405483
0.00015757130101371
0.00036766636903199
5.252376700457E-5
5.252376700457E-5
0.00036766636903199
0.00089290403907768
0.00036766636903199
0.00026261883502285
0.00015757130101371
0.00015757130101371
5.252376700457E-5
0.00042019013603656
5.252376700457E-5
0.00010504753400914
0.00042019013603656
0.00036766636903199
0.00015757130101371
0.00015757130101371
0.00010504753400914
0.00010504753400914
0.00042019013603656
5.252376700457E-5
5.252376700457E-5
5.252376700457E-5
5.252376700457E-5
0.00073533273806397
0.00057776143705027
0.00042019013603656
0.00021009506801828
0.00021009506801828
0.0024160932822102
0.0013656179421188
0.00031514260202742
0.00084038027207311
0.00057776143705027
5.252376700457E-5
5.252376700457E-5
0.00015757130101371
0.00021009506801828
5.252376700457E-5
5.252376700457E-5
0.00026261883502285
5.252376700457E-5
0.00042019013603656
0.0025736645832239
0.0018908556121645
0.00036766636903199
0.00015757130101371
0.00015757130101371
0.00021009506801828
0.00063028520405483
5.252376700457E-5
0.00036766636903199
0.00010504753400914
0.00010504753400914
0.00026261883502285
0.00042019013603656
0.0010504753400914
5.252376700457E-5
5.252376700457E-5
5.252376700457E-5
0.00010504753400914
0.00010504753400914
0.00036766636903199
0.00021009506801828
0.00015757130101371
0.00015757130101371
0.00026261883502285
0.00047271390304113
0.00021009506801828
0.00063028520405483
0.00042019013603656
0.00026261883502285
0.00021009506801828
5.252376700457E-5
5.252376700457E-5
0.00026261883502285
0.00031514260202742
0.00078785650506854
0.0012605704081097
0.00057776143705027
0.00015757130101371
0.00042019013603656
5.252376700457E-5
0.00010504753400914
0.00042019013603656
0.00010504753400914
5.252376700457E-5
0.00015757130101371
0.00042019013603656
5.252376700457E-5
5.252376700457E-5
5.252376700457E-5
0.00010504753400914
0.00010504753400914
5.252376700457E-5
0.00031514260202742
0.00063028520405483
0.00015757130101371
5.252376700457E-5
5.252376700457E-5
0.00073533273806397
0.00010504753400914
5.252376700457E-5
0.00042019013603656
0.00026261883502285
5.252376700457E-5
5.252376700457E-5
0.00010504753400914
0.00010504753400914
0.00057776143705027
0.00021009506801828
5.252376700457E-5
0.00015757130101371
0.00078785650506854
0.00026261883502285
0.00021009506801828
5.252376700457E-5
5.252376700457E-5
5.252376700457E-5
5.252376700457E-5
5.252376700457E-5
0.0005252376700457
0.0005252376700457
0.00015757130101371
0.00015757130101371
0.0005252376700457
0.00047271390304113
0.0010504753400914
0.00057776143705027
0.00063028520405483
0.00010504753400914
0.00015757130101371
0.00010504753400914
5.252376700457E-5
0.00015757130101371
0.00036766636903199
0.00015757130101371
0.00026261883502285
0.00015757130101371
0.0005252376700457
0.00021009506801828
0.00010504753400914
5.252376700457E-5
0.00026261883502285
5.252376700457E-5
5.252376700457E-5
0.0005252376700457
0.00021009506801828
0.00031514260202742
5.252376700457E-5
5.252376700457E-5
5.252376700457E-5
0.00089290403907768
0.00021009506801828
5.252376700457E-5
0.00036766636903199
5.252376700457E-5
0.0005252376700457
0.00031514260202742
0.00057776143705027
0.00078785650506854
0.00010504753400914
0.00026261883502285
5.252376700457E-5
0.00026261883502285
0.00047271390304113
0.00057776143705027
5.252376700457E-5
0.00010504753400914
5.252376700457E-5
5.252376700457E-5
0.00010504753400914
5.252376700457E-5
0.00010504753400914
0.00010504753400914
0.00042019013603656
0.00057776143705027
0.00026261883502285
0.00010504753400914
5.252376700457E-5
0.00010504753400914
0.00031514260202742
5.252376700457E-5
5.252376700457E-5
0.00010504753400914
0.00084038027207311
5.252376700457E-5
0.00042019013603656
0.00036766636903199
0.00010504753400914
0.00015757130101371
0.00010504753400914
0.00015757130101371
0.00015757130101371
0.00021009506801828
5.252376700457E-5
0.00021009506801828
0.00010504753400914
0.00015757130101371
0.00015757130101371
0.00010504753400914
0.00042019013603656
0.00042019013603656
0.00010504753400914
0.00036766636903199
5.252376700457E-5
0.0016282367771417
0.0011555228741005
5.252376700457E-5
0.00021009506801828
5.252376700457E-5
0.0021534744471874
0.00015757130101371
5.252376700457E-5
5.252376700457E-5
0.00010504753400914
0.00042019013603656
0.00047271390304113
0.00042019013603656
5.252376700457E-5
5.252376700457E-5
0.00010504753400914
0.00015757130101371
0.00021009506801828
0.0014706654761279
5.252376700457E-5
5.252376700457E-5
5.252376700457E-5
5.252376700457E-5
0.00010504753400914
0.00010504753400914
5.252376700457E-5
0.00010504753400914
0.00010504753400914
0.00021009506801828
0.00021009506801828
0.0005252376700457
5.252376700457E-5
0.00010504753400914
5.252376700457E-5
5.252376700457E-5
0.00010504753400914
5.252376700457E-5
0.00015757130101371
0.00021009506801828
0.00021009506801828
0.00010504753400914
0.00031514260202742
0.0012080466411051
0.00015757130101371
0.00021009506801828
0.00010504753400914
0.00026261883502285
0.00026261883502285
0.00031514260202742
0.00010504753400914
0.00015757130101371
0.00015757130101371
0.00010504753400914
5.252376700457E-5
0.0006828089710594
5.252376700457E-5
0.00021009506801828
5.252376700457E-5
0.00010504753400914
0.00010504753400914
0.00026261883502285
5.252376700457E-5
5.252376700457E-5
5.252376700457E-5
5.252376700457E-5
5.252376700457E-5
0.00015757130101371
0.00015757130101371
0.00021009506801828
0.00021009506801828
5.252376700457E-5
0.00021009506801828
5.252376700457E-5
0.00042019013603656
0.00015757130101371
5.252376700457E-5
5.252376700457E-5
5.252376700457E-5
0.00042019013603656
0.00015757130101371
0.00042019013603656
5.252376700457E-5
5.252376700457E-5
0.00026261883502285
0.0013656179421188
0.00073533273806397
5.252376700457E-5
0.00036766636903199
0.00010504753400914
0.00010504753400914
5.252376700457E-5
0.00015757130101371
0.0015757130101371
0.00015757130101371
0.00031514260202742
0.00015757130101371
0.00021009506801828
0.00015757130101371
0.00015757130101371
0.0022059982141919
0.00031514260202742
0.00094542780608225
0.00031514260202742
0.00010504753400914
0.00021009506801828
0.00010504753400914
0.00026261883502285
0.00021009506801828
0.00015757130101371
5.252376700457E-5
5.252376700457E-5
0.00010504753400914
0.00031514260202742
0.00010504753400914
0.00021009506801828
0.00010504753400914
5.252376700457E-5
5.252376700457E-5
5.252376700457E-5
5.252376700457E-5
5.252376700457E-5
0.00021009506801828
5.252376700457E-5
5.252376700457E-5
5.252376700457E-5
5.252376700457E-5
5.252376700457E-5
5.252376700457E-5
0.00021009506801828
0.00010504753400914
0.00010504753400914
0.00031514260202742
0.00042019013603656
5.252376700457E-5
0.00021009506801828
0.00015757130101371
0.00078785650506854
0.0014706654761279
0.00021009506801828
0.00015757130101371
0.0017332843111508
0.00047271390304113
0.00015757130101371
0.00036766636903199
0.00010504753400914
0.00021009506801828
0.0016282367771417
0.00047271390304113
0.00015757130101371
5.252376700457E-5
0.00031514260202742
0.00015757130101371
5.252376700457E-5
5.252376700457E-5
5.252376700457E-5
5.252376700457E-5
0.00015757130101371
0.00036766636903199
0.00026261883502285
0.00015757130101371
5.252376700457E-5
5.252376700457E-5
5.252376700457E-5
0.00015757130101371
0.00010504753400914
0.00015757130101371
0.00010504753400914
5.252376700457E-5
5.252376700457E-5
0.00010504753400914
0.0014706654761279
5.252376700457E-5
0.00021009506801828
0.00031514260202742
0.00026261883502285
5.252376700457E-5
0.00078785650506854
0.00015757130101371
0.00015757130101371
5.252376700457E-5
5.252376700457E-5
0.00042019013603656
0.00010504753400914
0.00010504753400914
0.00010504753400914
5.252376700457E-5
5.252376700457E-5
5.252376700457E-5
5.252376700457E-5
0.00026261883502285
0.00036766636903199
0.00047271390304113
5.252376700457E-5
5.252376700457E-5
0.00010504753400914
0.0005252376700457
5.252376700457E-5
0.00010504753400914
5.252376700457E-5
5.252376700457E-5
0.00010504753400914
0.00010504753400914
0.00010504753400914
0.00015757130101371
0.00063028520405483
5.252376700457E-5
0.00031514260202742
0.00036766636903199
0.00021009506801828
0.00015757130101371
0.00010504753400914
0.00010504753400914
5.252376700457E-5
0.00021009506801828
0.00015757130101371
5.252376700457E-5
5.252376700457E-5
5.252376700457E-5
0.00026261883502285
0.00010504753400914
0.00010504753400914
5.252376700457E-5
5.252376700457E-5
5.252376700457E-5
5.252376700457E-5
0.00031514260202742
0.00021009506801828
0.00021009506801828
5.252376700457E-5
0.00047271390304113
5.252376700457E-5
5.252376700457E-5
5.252376700457E-5
5.252376700457E-5
0.0024160932822102
0.0012605704081097
0.00057776143705027
5.252376700457E-5
0.00010504753400914
0.00031514260202742
5.252376700457E-5
5.252376700457E-5
5.252376700457E-5
0.00099795157308682
0.00015757130101371
0.00015757130101371
5.252376700457E-5
0.00010504753400914
5.252376700457E-5
0.00015757130101371
0.00063028520405483
0.00010504753400914
0.00031514260202742
5.252376700457E-5
5.252376700457E-5
0.00015757130101371
0.0006828089710594
0.00010504753400914
0.00010504753400914
0.00010504753400914
0.00036766636903199
0.00010504753400914
0.00026261883502285
0.00042019013603656
0.00021009506801828
5.252376700457E-5
5.252376700457E-5
0.00021009506801828
5.252376700457E-5
5.252376700457E-5
5.252376700457E-5
0.00015757130101371
0.00010504753400914
0.00078785650506854
0.00010504753400914
0.00047271390304113
0.00015757130101371
0.00047271390304113
0.00042019013603656
0.00010504753400914
0.00057776143705027
0.00015757130101371
0.00010504753400914
0.00015757130101371
5.252376700457E-5
0.00015757130101371
0.00010504753400914
0.00031514260202742
0.00010504753400914
5.252376700457E-5
0.00010504753400914
5.252376700457E-5
5.252376700457E-5
0.00010504753400914
5.252376700457E-5
5.252376700457E-5
5.252376700457E-5
5.252376700457E-5
5.252376700457E-5
0.00010504753400914
0.00010504753400914
0.00010504753400914
0.00010504753400914
0.00010504753400914
0.00094542780608225
0.00010504753400914
5.252376700457E-5
5.252376700457E-5
0.00026261883502285
0.00063028520405483
5.252376700457E-5
5.252376700457E-5
5.252376700457E-5
0.00010504753400914
5.252376700457E-5
0.00031514260202742
5.252376700457E-5
0.00021009506801828
5.252376700457E-5
5.252376700457E-5
5.252376700457E-5
5.252376700457E-5
0.00010504753400914
5.252376700457E-5
5.252376700457E-5
0.00015757130101371
0.00010504753400914
5.252376700457E-5
0.00026261883502285
0.00010504753400914
0.00010504753400914
0.00021009506801828
0.00010504753400914
5.252376700457E-5
5.252376700457E-5
0.00026261883502285
0.00010504753400914
0.00021009506801828
0.00010504753400914
5.252376700457E-5
0.0012605704081097
0.00010504753400914
5.252376700457E-5
5.252376700457E-5
0.0005252376700457
5.252376700457E-5
0.00036766636903199
5.252376700457E-5
0.00010504753400914
0.00010504753400914
0.00026261883502285
0.00010504753400914
5.252376700457E-5
0.00021009506801828
5.252376700457E-5
5.252376700457E-5
5.252376700457E-5
5.252376700457E-5
0.00094542780608225
5.252376700457E-5
0.00010504753400914
5.252376700457E-5
5.252376700457E-5
5.252376700457E-5
5.252376700457E-5
5.252376700457E-5
5.252376700457E-5
5.252376700457E-5
5.252376700457E-5
5.252376700457E-5
5.252376700457E-5
5.252376700457E-5
0.00010504753400914
0.00010504753400914
5.252376700457E-5
0.00010504753400914
5.252376700457E-5
0.00010504753400914
5.252376700457E-5
5.252376700457E-5
5.252376700457E-5
0.00010504753400914
5.252376700457E-5
0.00010504753400914
0.00057776143705027
5.252376700457E-5
5.252376700457E-5
5.252376700457E-5
5.252376700457E-5
0.00010504753400914
5.252376700457E-5
5.252376700457E-5
5.252376700457E-5
5.252376700457E-5
5.252376700457E-5
5.252376700457E-5
0.00026261883502285
5.252376700457E-5
5.252376700457E-5
5.252376700457E-5
0.00031514260202742
5.252376700457E-5
5.252376700457E-5
5.252376700457E-5
0.00010504753400914
5.252376700457E-5
5.252376700457E-5
0.00010504753400914
0.00010504753400914
0.00015757130101371
0.00010504753400914
5.252376700457E-5
0.00015757130101371
0.00021009506801828
0.00015757130101371
5.252376700457E-5
5.252376700457E-5
0.00026261883502285
0.00010504753400914
5.252376700457E-5
0.00010504753400914
5.252376700457E-5
5.252376700457E-5
5.252376700457E-5
5.252376700457E-5
5.252376700457E-5
5.252376700457E-5
5.252376700457E-5
5.252376700457E-5
5.252376700457E-5
5.252376700457E-5
0.00010504753400914
0.00021009506801828
0.00078785650506854
0.00021009506801828
0.00010504753400914
5.252376700457E-5
5.252376700457E-5
5.252376700457E-5
5.252376700457E-5
5.252376700457E-5
0.00010504753400914
5.252376700457E-5
0.00021009506801828
5.252376700457E-5
5.252376700457E-5
0.00015757130101371
0.00010504753400914
0.00015757130101371
5.252376700457E-5
0.00026261883502285
0.00031514260202742
0.00021009506801828
0.00031514260202742
5.252376700457E-5
5.252376700457E-5
0.0019959031461736
0.00015757130101371
5.252376700457E-5
5.252376700457E-5
0.00010504753400914
0.00021009506801828
5.252376700457E-5
5.252376700457E-5
0.00010504753400914
0.00031514260202742
0.00015757130101371
5.252376700457E-5
0.00010504753400914
0.00073533273806397
5.252376700457E-5
5.252376700457E-5
0.00063028520405483
0.00010504753400914
0.00010504753400914
0.00010504753400914
0.00021009506801828
0.0005252376700457
5.252376700457E-5
0.00015757130101371
5.252376700457E-5
0.00015757130101371
0.00015757130101371
0.00015757130101371
5.252376700457E-5
5.252376700457E-5
5.252376700457E-5
5.252376700457E-5
0.00010504753400914
0.00026261883502285
0.00010504753400914
5.252376700457E-5
0.00031514260202742
0.00015757130101371
0.00010504753400914
5.252376700457E-5
0.00010504753400914
0.00010504753400914
5.252376700457E-5
5.252376700457E-5
5.252376700457E-5
0.00010504753400914
5.252376700457E-5
5.252376700457E-5
5.252376700457E-5
5.252376700457E-5
0.00026261883502285
0.00021009506801828
5.252376700457E-5
5.252376700457E-5
5.252376700457E-5
5.252376700457E-5
5.252376700457E-5
0.00010504753400914
0.00010504753400914
0.00015757130101371
0.00010504753400914
0.00010504753400914
0.00010504753400914
0.00010504753400914
0.00021009506801828
0.00047271390304113
0.00021009506801828
5.252376700457E-5
5.252376700457E-5
0.00089290403907768
5.252376700457E-5
5.252376700457E-5
0.00031514260202742
0.00010504753400914
0.00015757130101371
5.252376700457E-5
0.00010504753400914
0.00015757130101371
0.00021009506801828
0.00094542780608225
0.00047271390304113
0.00015757130101371
5.252376700457E-5
5.252376700457E-5
5.252376700457E-5
5.252376700457E-5
0.00036766636903199
0.00015757130101371
5.252376700457E-5
5.252376700457E-5
5.252376700457E-5
5.252376700457E-5
0.00021009506801828
5.252376700457E-5
5.252376700457E-5
0.00015757130101371
5.252376700457E-5
0.00015757130101371
0.00010504753400914
0.00010504753400914
5.252376700457E-5
0.00010504753400914
0.00026261883502285
5.252376700457E-5
5.252376700457E-5
0.00010504753400914
0.00015757130101371
5.252376700457E-5
0.00010504753400914
5.252376700457E-5
0.00021009506801828
5.252376700457E-5
0.00015757130101371
0.00021009506801828
0.00015757130101371
0.00094542780608225
0.00010504753400914
5.252376700457E-5
5.252376700457E-5
0.00010504753400914
0.00010504753400914
5.252376700457E-5
5.252376700457E-5
0.00026261883502285
0.00010504753400914
0.00010504753400914
0.00010504753400914
5.252376700457E-5
5.252376700457E-5
0.00015757130101371
0.00010504753400914
5.252376700457E-5
0.00010504753400914
5.252376700457E-5
5.252376700457E-5
0.00010504753400914
5.252376700457E-5
5.252376700457E-5
0.00010504753400914
0.00026261883502285
0.00042019013603656
5.252376700457E-5
0.00010504753400914
0.00010504753400914
5.252376700457E-5
0.00026261883502285
0.00015757130101371
0.00021009506801828
0.00015757130101371
0.00047271390304113
0.00015757130101371
0.00015757130101371
0.00010504753400914
0.00026261883502285
0.00010504753400914
0.00010504753400914
0.00010504753400914
0.00015757130101371
0.00036766636903199
0.00015757130101371
0.00015757130101371
0.00010504753400914
0.00010504753400914
5.252376700457E-5
5.252376700457E-5
5.252376700457E-5
5.252376700457E-5
0.00010504753400914
5.252376700457E-5
5.252376700457E-5
0.00042019013603656
5.252376700457E-5
0.00010504753400914
5.252376700457E-5
5.252376700457E-5
0.00010504753400914
0.00010504753400914
0.00015757130101371
5.252376700457E-5
0.00026261883502285
5.252376700457E-5
0.00010504753400914
0.00084038027207311
5.252376700457E-5
5.252376700457E-5
5.252376700457E-5
5.252376700457E-5
0.00010504753400914
0.00026261883502285
0.00010504753400914
5.252376700457E-5
5.252376700457E-5
0.00021009506801828
0.00010504753400914
0.00010504753400914
0.00015757130101371
5.252376700457E-5
0.00026261883502285
5.252376700457E-5
0.00015757130101371
5.252376700457E-5
5.252376700457E-5
5.252376700457E-5
0.0011555228741005
5.252376700457E-5
5.252376700457E-5
5.252376700457E-5
5.252376700457E-5
5.252376700457E-5
5.252376700457E-5
5.252376700457E-5
5.252376700457E-5
0.00036766636903199
0.00021009506801828
5.252376700457E-5
0.00015757130101371
5.252376700457E-5
0.00010504753400914
5.252376700457E-5
5.252376700457E-5
5.252376700457E-5
0.00015757130101371
5.252376700457E-5
0.00021009506801828
5.252376700457E-5
5.252376700457E-5
5.252376700457E-5
0.00010504753400914
5.252376700457E-5
5.252376700457E-5
0.00015757130101371
5.252376700457E-5
5.252376700457E-5
5.252376700457E-5
5.252376700457E-5
5.252376700457E-5
5.252376700457E-5
5.252376700457E-5
5.252376700457E-5
5.252376700457E-5
0.00010504753400914
5.252376700457E-5
0.00010504753400914
0.00021009506801828
0.00021009506801828
5.252376700457E-5
5.252376700457E-5
5.252376700457E-5
5.252376700457E-5
5.252376700457E-5
5.252376700457E-5
5.252376700457E-5
5.252376700457E-5
0.00010504753400914
5.252376700457E-5
5.252376700457E-5
5.252376700457E-5
0.00010504753400914
5.252376700457E-5
5.252376700457E-5
0.00010504753400914
0.00010504753400914
5.252376700457E-5
5.252376700457E-5
0.00026261883502285
0.00026261883502285
5.252376700457E-5
5.252376700457E-5
0.00010504753400914
0.0006828089710594
0.00042019013603656
5.252376700457E-5
5.252376700457E-5
5.252376700457E-5
0.00015757130101371
0.00021009506801828
0.00021009506801828
0.00021009506801828
0.00015757130101371
0.00015757130101371
0.00015757130101371
0.00015757130101371
0.00021009506801828
0.00015757130101371
5.252376700457E-5
5.252376700457E-5
5.252376700457E-5
5.252376700457E-5
5.252376700457E-5
0.00010504753400914
5.252376700457E-5
5.252376700457E-5
5.252376700457E-5
5.252376700457E-5
0.00010504753400914
0.00010504753400914
5.252376700457E-5
0.00010504753400914
0.00010504753400914
5.252376700457E-5
0.00021009506801828
5.252376700457E-5
5.252376700457E-5
0.00021009506801828
0.00021009506801828
5.252376700457E-5
5.252376700457E-5
5.252376700457E-5
0.00021009506801828
0.00010504753400914
0.00015757130101371
0.00015757130101371
0.00010504753400914
5.252376700457E-5
5.252376700457E-5
5.252376700457E-5
0.00015757130101371
5.252376700457E-5
5.252376700457E-5
0.00010504753400914
0.00036766636903199
0.00010504753400914
0.00010504753400914
0.00031514260202742
5.252376700457E-5
0.00021009506801828
0.00015757130101371
0.00010504753400914
5.252376700457E-5
0.00031514260202742
0.00010504753400914
0.00015757130101371
0.00010504753400914
5.252376700457E-5
0.00021009506801828
0.00010504753400914
0.00021009506801828
5.252376700457E-5
5.252376700457E-5
5.252376700457E-5
0.00010504753400914
0.00015757130101371
5.252376700457E-5
0.00010504753400914
0.00015757130101371
0.00015757130101371
0.00010504753400914
0.00010504753400914
0.00015757130101371
5.252376700457E-5
5.252376700457E-5
5.252376700457E-5
5.252376700457E-5
5.252376700457E-5
0.00021009506801828
5.252376700457E-5
0.00021009506801828
5.252376700457E-5
5.252376700457E-5
5.252376700457E-5
5.252376700457E-5
0.00042019013603656
5.252376700457E-5
0.00021009506801828
0.00015757130101371
0.00010504753400914
5.252376700457E-5
5.252376700457E-5
5.252376700457E-5
0.00010504753400914
0.00010504753400914
5.252376700457E-5
5.252376700457E-5
5.252376700457E-5
5.252376700457E-5
0.00026261883502285
5.252376700457E-5
5.252376700457E-5
0.00015757130101371
5.252376700457E-5
5.252376700457E-5
5.252376700457E-5
0.00010504753400914
5.252376700457E-5
5.252376700457E-5
5.252376700457E-5
0.00015757130101371
5.252376700457E-5
0.00010504753400914
5.252376700457E-5
5.252376700457E-5
5.252376700457E-5
5.252376700457E-5
5.252376700457E-5
5.252376700457E-5
5.252376700457E-5
5.252376700457E-5
5.252376700457E-5
5.252376700457E-5
0.00015757130101371
0.00010504753400914
0.00015757130101371
5.252376700457E-5
0.00015757130101371
0.00010504753400914
0.00010504753400914
5.252376700457E-5
0.00010504753400914
0.00015757130101371
5.252376700457E-5
5.252376700457E-5
5.252376700457E-5
5.252376700457E-5
0.00010504753400914
5.252376700457E-5
5.252376700457E-5
5.252376700457E-5
0.00047271390304113
0.00010504753400914
0.00021009506801828
0.00010504753400914
5.252376700457E-5
0.00010504753400914
5.252376700457E-5
5.252376700457E-5
5.252376700457E-5
5.252376700457E-5
0.00010504753400914
5.252376700457E-5
0.00010504753400914
5.252376700457E-5
5.252376700457E-5
5.252376700457E-5
5.252376700457E-5
5.252376700457E-5
5.252376700457E-5
0.00010504753400914
5.252376700457E-5
0.0006828089710594
5.252376700457E-5
5.252376700457E-5
5.252376700457E-5
5.252376700457E-5
5.252376700457E-5
5.252376700457E-5
5.252376700457E-5
5.252376700457E-5
0.00010504753400914
0.00010504753400914
5.252376700457E-5
5.252376700457E-5
5.252376700457E-5
5.252376700457E-5
5.252376700457E-5
5.252376700457E-5
5.252376700457E-5
5.252376700457E-5
0.00010504753400914
5.252376700457E-5
5.252376700457E-5
5.252376700457E-5
5.252376700457E-5
5.252376700457E-5
5.252376700457E-5
5.252376700457E-5
0.00015757130101371
5.252376700457E-5
5.252376700457E-5
0.00010504753400914
5.252376700457E-5
5.252376700457E-5
5.252376700457E-5
5.252376700457E-5
5.252376700457E-5
5.252376700457E-5
5.252376700457E-5
5.252376700457E-5
5.252376700457E-5
5.252376700457E-5
5.252376700457E-5
5.252376700457E-5
5.252376700457E-5
0.00010504753400914
5.252376700457E-5
5.252376700457E-5
5.252376700457E-5
5.252376700457E-5
5.252376700457E-5
0.00036766636903199
5.252376700457E-5
0.00026261883502285
0.00021009506801828
5.252376700457E-5
5.252376700457E-5
5.252376700457E-5
0.00015757130101371
5.252376700457E-5
0.00015757130101371
5.252376700457E-5
0.00015757130101371
5.252376700457E-5
5.252376700457E-5
5.252376700457E-5
5.252376700457E-5
5.252376700457E-5
5.252376700457E-5
5.252376700457E-5
5.252376700457E-5
0.00010504753400914
0.00010504753400914
5.252376700457E-5
0.00010504753400914
0.00010504753400914
5.252376700457E-5
0.00010504753400914
5.252376700457E-5
5.252376700457E-5
5.252376700457E-5
5.252376700457E-5
5.252376700457E-5
5.252376700457E-5
5.252376700457E-5
5.252376700457E-5
0.00010504753400914
0.00010504753400914
5.252376700457E-5
5.252376700457E-5
5.252376700457E-5
5.252376700457E-5
0.00015757130101371
5.252376700457E-5
5.252376700457E-5
0.00015757130101371
0.00010504753400914
5.252376700457E-5
5.252376700457E-5
5.252376700457E-5
0.00010504753400914
5.252376700457E-5
0.00015757130101371
0.00026261883502285
0.00015757130101371
5.252376700457E-5
5.252376700457E-5
5.252376700457E-5
5.252376700457E-5
5.252376700457E-5
5.252376700457E-5
5.252376700457E-5
0.00036766636903199
5.252376700457E-5
5.252376700457E-5
5.252376700457E-5
0.00015757130101371
5.252376700457E-5
5.252376700457E-5
0.00026261883502285
5.252376700457E-5
0.00010504753400914
0.00010504753400914
0.00015757130101371
5.252376700457E-5
5.252376700457E-5
5.252376700457E-5
5.252376700457E-5
5.252376700457E-5
5.252376700457E-5
5.252376700457E-5
0.00031514260202742
5.252376700457E-5
5.252376700457E-5
5.252376700457E-5
5.252376700457E-5
5.252376700457E-5
5.252376700457E-5
5.252376700457E-5
5.252376700457E-5
5.252376700457E-5
0.00010504753400914
0.00015757130101371
0.00015757130101371
0.00015757130101371
5.252376700457E-5
5.252376700457E-5
0.00015757130101371
5.252376700457E-5
0.00026261883502285
5.252376700457E-5
5.252376700457E-5
5.252376700457E-5
0.00026261883502285
0.00010504753400914
0.00010504753400914
5.252376700457E-5
0.00021009506801828
5.252376700457E-5
5.252376700457E-5
5.252376700457E-5
5.252376700457E-5
5.252376700457E-5
5.252376700457E-5
0.00010504753400914
0.00026261883502285
5.252376700457E-5
0.00015757130101371
5.252376700457E-5
5.252376700457E-5
5.252376700457E-5
5.252376700457E-5
0.00010504753400914
5.252376700457E-5
5.252376700457E-5
0.00015757130101371
5.252376700457E-5
5.252376700457E-5
5.252376700457E-5
5.252376700457E-5
5.252376700457E-5
5.252376700457E-5
5.252376700457E-5
5.252376700457E-5
5.252376700457E-5
5.252376700457E-5
0.00010504753400914
0.00010504753400914
5.252376700457E-5
0.00010504753400914
5.252376700457E-5
5.252376700457E-5
5.252376700457E-5
0.00010504753400914
0.00015757130101371
0.00021009506801828
5.252376700457E-5
5.252376700457E-5
5.252376700457E-5
5.252376700457E-5
5.252376700457E-5
0.00010504753400914
5.252376700457E-5
5.252376700457E-5
5.252376700457E-5
5.252376700457E-5
5.252376700457E-5
0.00010504753400914
0.00015757130101371
0.00010504753400914
5.252376700457E-5
5.252376700457E-5
5.252376700457E-5
5.252376700457E-5
0.00015757130101371
5.252376700457E-5
0.00026261883502285
5.252376700457E-5
5.252376700457E-5
5.252376700457E-5
0.00047271390304113
5.252376700457E-5
0.00010504753400914
0.00010504753400914
5.252376700457E-5
5.252376700457E-5
5.252376700457E-5
5.252376700457E-5
0.00010504753400914
5.252376700457E-5
5.252376700457E-5
5.252376700457E-5
0.00010504753400914
5.252376700457E-5
5.252376700457E-5
5.252376700457E-5
5.252376700457E-5
5.252376700457E-5
5.252376700457E-5
0.00026261883502285
5.252376700457E-5
5.252376700457E-5
5.252376700457E-5
0.00057776143705027
0.00010504753400914
5.252376700457E-5
5.252376700457E-5
5.252376700457E-5
5.252376700457E-5
0.00015757130101371
5.252376700457E-5
5.252376700457E-5
5.252376700457E-5
0.00036766636903199
5.252376700457E-5
0.00021009506801828
5.252376700457E-5
5.252376700457E-5
5.252376700457E-5
5.252376700457E-5
0.00015757130101371
5.252376700457E-5
5.252376700457E-5
5.252376700457E-5
5.252376700457E-5
0.00010504753400914
5.252376700457E-5
5.252376700457E-5
0.00010504753400914
0.00015757130101371
0.00010504753400914
5.252376700457E-5
5.252376700457E-5
5.252376700457E-5
5.252376700457E-5
5.252376700457E-5
5.252376700457E-5
0.00015757130101371
5.252376700457E-5
0.00010504753400914
5.252376700457E-5
0.00015757130101371
0.00021009506801828
5.252376700457E-5
0.00010504753400914
0.00010504753400914
5.252376700457E-5
0.00015757130101371
0.00010504753400914
0.00010504753400914
5.252376700457E-5
5.252376700457E-5
0.00010504753400914
5.252376700457E-5
5.252376700457E-5
5.252376700457E-5
5.252376700457E-5
5.252376700457E-5
5.252376700457E-5
5.252376700457E-5
5.252376700457E-5
5.252376700457E-5
5.252376700457E-5
5.252376700457E-5
5.252376700457E-5
5.252376700457E-5
0.00015757130101371
0.00010504753400914
5.252376700457E-5
5.252376700457E-5
0.00010504753400914
0.00010504753400914
5.252376700457E-5
5.252376700457E-5
0.00010504753400914
0.00010504753400914
5.252376700457E-5
5.252376700457E-5
0.00015757130101371
0.00042019013603656
5.252376700457E-5
0.00057776143705027
5.252376700457E-5
5.252376700457E-5
5.252376700457E-5
5.252376700457E-5
0.00010504753400914
0.00010504753400914
0.00010504753400914
0.00015757130101371
5.252376700457E-5
5.252376700457E-5
5.252376700457E-5
5.252376700457E-5
0.00010504753400914
5.252376700457E-5
5.252376700457E-5
5.252376700457E-5
5.252376700457E-5
5.252376700457E-5
5.252376700457E-5
5.252376700457E-5
0.00026261883502285
5.252376700457E-5
5.252376700457E-5
0.00015757130101371
5.252376700457E-5
5.252376700457E-5
5.252376700457E-5
5.252376700457E-5
5.252376700457E-5
0.00015757130101371
0.00015757130101371
0.00031514260202742
0.00010504753400914
5.252376700457E-5
5.252376700457E-5
5.252376700457E-5
5.252376700457E-5
5.252376700457E-5
5.252376700457E-5
5.252376700457E-5
5.252376700457E-5
0.00015757130101371
0.00010504753400914
0.00021009506801828
5.252376700457E-5
5.252376700457E-5
5.252376700457E-5
0.00015757130101371
5.252376700457E-5
0.00010504753400914
0.00010504753400914
0.00010504753400914
0.00015757130101371
5.252376700457E-5
5.252376700457E-5
5.252376700457E-5
0.00026261883502285
5.252376700457E-5
5.252376700457E-5
5.252376700457E-5
5.252376700457E-5
0.00026261883502285
0.00015757130101371
5.252376700457E-5
5.252376700457E-5
0.00010504753400914
5.252376700457E-5
5.252376700457E-5
5.252376700457E-5
5.252376700457E-5
5.252376700457E-5
5.252376700457E-5
0.00015757130101371
5.252376700457E-5
5.252376700457E-5
5.252376700457E-5
0.00015757130101371
0.00015757130101371
0.00015757130101371
5.252376700457E-5
0.00021009506801828
5.252376700457E-5
5.252376700457E-5
0.00021009506801828
0.00015757130101371
5.252376700457E-5
0.00015757130101371
0.00042019013603656
0.00015757130101371
0.00015757130101371
0.00015757130101371
0.00015757130101371
5.252376700457E-5
5.252376700457E-5
5.252376700457E-5
5.252376700457E-5
5.252376700457E-5
0.00015757130101371
0.00010504753400914
5.252376700457E-5
0.00010504753400914
0.00015757130101371
5.252376700457E-5
5.252376700457E-5
5.252376700457E-5
0.00010504753400914
5.252376700457E-5
0.00015757130101371
5.252376700457E-5
5.252376700457E-5
5.252376700457E-5
0.00010504753400914
5.252376700457E-5
0.00021009506801828
5.252376700457E-5
5.252376700457E-5
5.252376700457E-5
5.252376700457E-5
5.252376700457E-5
0.00010504753400914
5.252376700457E-5
0.00010504753400914
0.00010504753400914
5.252376700457E-5
0.00010504753400914
5.252376700457E-5
5.252376700457E-5
5.252376700457E-5
0.00026261883502285
5.252376700457E-5
5.252376700457E-5
5.252376700457E-5
5.252376700457E-5
0.00021009506801828
0.00015757130101371
5.252376700457E-5
0.00010504753400914
5.252376700457E-5
5.252376700457E-5
5.252376700457E-5
0.00010504753400914
5.252376700457E-5
5.252376700457E-5
0.00010504753400914
0.00015757130101371
0.00015757130101371
5.252376700457E-5
0.00010504753400914
0.00010504753400914
0.00010504753400914
0.00010504753400914
0.00010504753400914
0.00010504753400914
5.252376700457E-5
5.252376700457E-5
5.252376700457E-5
0.00010504753400914
0.00015757130101371
5.252376700457E-5
5.252376700457E-5
5.252376700457E-5
0.00010504753400914
5.252376700457E-5
0.00021009506801828
5.252376700457E-5
0.00010504753400914
5.252376700457E-5
0.00010504753400914
0.00010504753400914
0.00010504753400914
0.00010504753400914
0.00021009506801828
0.00015757130101371
0.00010504753400914
0.00010504753400914
5.252376700457E-5
5.252376700457E-5
5.252376700457E-5
5.252376700457E-5
0.00010504753400914
5.252376700457E-5
5.252376700457E-5
0.00015757130101371
5.252376700457E-5
5.252376700457E-5
5.252376700457E-5
0.00010504753400914
5.252376700457E-5
5.252376700457E-5
5.252376700457E-5
5.252376700457E-5
0.00015757130101371
5.252376700457E-5
0.00010504753400914
0.00010504753400914
5.252376700457E-5
0.00015757130101371
0.00010504753400914
0.00010504753400914
0.00021009506801828
5.252376700457E-5
5.252376700457E-5
5.252376700457E-5
5.252376700457E-5
0.00015757130101371
5.252376700457E-5
5.252376700457E-5
0.00010504753400914
0.00010504753400914
0.00010504753400914
0.00015757130101371
0.00010504753400914
5.252376700457E-5
5.252376700457E-5
0.00010504753400914
0.00010504753400914
5.252376700457E-5
5.252376700457E-5
5.252376700457E-5
0.00010504753400914
0.00015757130101371
0.00010504753400914
5.252376700457E-5
0.00010504753400914
0.00010504753400914
5.252376700457E-5
5.252376700457E-5
0.00010504753400914
5.252376700457E-5
5.252376700457E-5
5.252376700457E-5
0.00015757130101371
5.252376700457E-5
5.252376700457E-5
0.00010504753400914
0.00010504753400914
0.00015757130101371
0.00015757130101371
0.00010504753400914
0.00010504753400914
0.00010504753400914
0.00010504753400914
0.00015757130101371
5.252376700457E-5
0.00010504753400914
0.00021009506801828
5.252376700457E-5
5.252376700457E-5
5.252376700457E-5
0.00010504753400914
0.00010504753400914
5.252376700457E-5
0.00015757130101371
5.252376700457E-5
0.00026261883502285
5.252376700457E-5
5.252376700457E-5
5.252376700457E-5
5.252376700457E-5
5.252376700457E-5
0.00010504753400914
5.252376700457E-5
0.00010504753400914
0.00010504753400914
5.252376700457E-5
5.252376700457E-5
5.252376700457E-5
0.00010504753400914
5.252376700457E-5
5.252376700457E-5
5.252376700457E-5
0.00010504753400914
5.252376700457E-5
0.00015757130101371
0.00015757130101371
5.252376700457E-5
5.252376700457E-5
5.252376700457E-5
0.00010504753400914
5.252376700457E-5
5.252376700457E-5
5.252376700457E-5
5.252376700457E-5
5.252376700457E-5
5.252376700457E-5
5.252376700457E-5
5.252376700457E-5
5.252376700457E-5
5.252376700457E-5
0.00010504753400914
5.252376700457E-5
5.252376700457E-5
0.00010504753400914
5.252376700457E-5
0.00010504753400914
5.252376700457E-5
5.252376700457E-5
0.00010504753400914
5.252376700457E-5
5.252376700457E-5
5.252376700457E-5
5.252376700457E-5
5.252376700457E-5
0.00010504753400914
0.00010504753400914
0.00010504753400914
0.00015757130101371
0.00015757130101371
0.00010504753400914
5.252376700457E-5
5.252376700457E-5
5.252376700457E-5
0.00015757130101371
5.252376700457E-5
0.00015757130101371
5.252376700457E-5
5.252376700457E-5
0.00010504753400914
0.00010504753400914
0.00010504753400914
0.00010504753400914
0.00010504753400914
0.00021009506801828
0.00015757130101371
0.00010504753400914
0.00010504753400914
0.00010504753400914
5.252376700457E-5
0.00010504753400914
0.00021009506801828
0.00010504753400914
0.00015757130101371
0.00010504753400914
0.00021009506801828
5.252376700457E-5
5.252376700457E-5
5.252376700457E-5
5.252376700457E-5
5.252376700457E-5
5.252376700457E-5
5.252376700457E-5
0.00015757130101371
0.00010504753400914
0.00010504753400914
0.00010504753400914
0.00010504753400914
5.252376700457E-5
5.252376700457E-5
5.252376700457E-5
5.252376700457E-5
5.252376700457E-5
5.252376700457E-5
5.252376700457E-5
5.252376700457E-5
5.252376700457E-5
5.252376700457E-5
5.252376700457E-5
5.252376700457E-5
5.252376700457E-5
5.252376700457E-5
5.252376700457E-5
5.252376700457E-5
5.252376700457E-5
5.252376700457E-5
5.252376700457E-5
0.00015757130101371
5.252376700457E-5
5.252376700457E-5
0.00010504753400914
0.00010504753400914
5.252376700457E-5
0.00010504753400914
0.00010504753400914
0.00015757130101371
0.00010504753400914
5.252376700457E-5
5.252376700457E-5
0.00010504753400914
0.00010504753400914
0.00010504753400914
0.00010504753400914
0.00010504753400914
0.00010504753400914
0.00010504753400914
0.00015757130101371
0.00010504753400914
0.00010504753400914
0.00010504753400914
0.00010504753400914
0.00010504753400914
0.00010504753400914
5.252376700457E-5
5.252376700457E-5
5.252376700457E-5
5.252376700457E-5
5.252376700457E-5
5.252376700457E-5
0.00010504753400914
5.252376700457E-5
5.252376700457E-5
5.252376700457E-5
5.252376700457E-5
5.252376700457E-5
5.252376700457E-5
0.00026261883502285
0.00021009506801828
5.252376700457E-5
5.252376700457E-5
0.00015757130101371
5.252376700457E-5
5.252376700457E-5
5.252376700457E-5
5.252376700457E-5
5.252376700457E-5
5.252376700457E-5
5.252376700457E-5
5.252376700457E-5
0.00015757130101371
5.252376700457E-5
5.252376700457E-5
0.00015757130101371
0.00015757130101371
0.00015757130101371
5.252376700457E-5
5.252376700457E-5
5.252376700457E-5
5.252376700457E-5
5.252376700457E-5
5.252376700457E-5
5.252376700457E-5
5.252376700457E-5
5.252376700457E-5
5.252376700457E-5
0.00010504753400914
0.00015757130101371
5.252376700457E-5
0.00021009506801828
0.00015757130101371
0.00015757130101371
5.252376700457E-5
5.252376700457E-5
5.252376700457E-5
5.252376700457E-5
5.252376700457E-5
5.252376700457E-5
0.00015757130101371
0.00015757130101371
0.00015757130101371
0.00015757130101371
0.00015757130101371
5.252376700457E-5
5.252376700457E-5
5.252376700457E-5
5.252376700457E-5
0.00015757130101371
5.252376700457E-5
0.00015757130101371
5.252376700457E-5
5.252376700457E-5
5.252376700457E-5
5.252376700457E-5
0.00026261883502285
0.00015757130101371
0.00015757130101371
0.00015757130101371
5.252376700457E-5
0.00010504753400914
5.252376700457E-5
0.00010504753400914
0.00010504753400914
0.00010504753400914
0.00010504753400914
0.00010504753400914
0.00010504753400914
0.00010504753400914
0.00015757130101371
0.00010504753400914
0.00010504753400914
0.00015757130101371
0.00010504753400914
0.00010504753400914
0.00010504753400914
0.00010504753400914
0.00010504753400914
0.00010504753400914
0.00010504753400914
0.00010504753400914
0.00010504753400914
0.00010504753400914
0.00010504753400914
0.00010504753400914
0.00010504753400914
0.00010504753400914
0.00010504753400914
0.00010504753400914
0.00010504753400914
0.00010504753400914
0.00015757130101371
0.00010504753400914
0.00015757130101371
0.00015757130101371
0.00010504753400914
0.00015757130101371
0.00015757130101371
0.00010504753400914
0.00010504753400914
0.00010504753400914
0.00010504753400914
0.00010504753400914
0.00010504753400914
0.00010504753400914
0.00010504753400914
0.00010504753400914
0.00010504753400914
0.00010504753400914
0.00010504753400914
0.00026261883502285
0.00010504753400914
0.00010504753400914
0.00010504753400914
0.00010504753400914
0.00015757130101371
0.00010504753400914
0.00015757130101371
0.00015757130101371
0.00010504753400914
0.00010504753400914
0.00010504753400914
0.00010504753400914
0.00010504753400914
0.00010504753400914
0.00010504753400914
0.00010504753400914
0.00010504753400914
0.00010504753400914
0.00010504753400914
0.00010504753400914
0.00010504753400914
0.00010504753400914
0.00010504753400914
0.00010504753400914
0.00010504753400914
0.00010504753400914
0.00010504753400914
0.00015757130101371
0.00010504753400914
0.00010504753400914
0.00010504753400914
0.00010504753400914
0.00010504753400914
0.00036766636903199
0.00015757130101371
0.00010504753400914
0.00010504753400914
0.00010504753400914
0.00010504753400914
0.00010504753400914
0.00010504753400914
0.00010504753400914
0.00015757130101371
0.00010504753400914
0.00010504753400914
0.00010504753400914
0.00010504753400914
0.00010504753400914
0.00010504753400914
0.00010504753400914
0.00010504753400914
0.00010504753400914
0.00010504753400914
0.00010504753400914
0.00010504753400914
0.00010504753400914
0.00010504753400914
0.00010504753400914
0.00010504753400914
0.00010504753400914
0.00010504753400914
0.00015757130101371
0.00010504753400914
0.00010504753400914
0.00010504753400914
0.00010504753400914
0.00010504753400914
0.00010504753400914
0.00010504753400914
0.00010504753400914
0.00010504753400914
0.00010504753400914
0.00010504753400914
0.00010504753400914
0.00010504753400914
0.00010504753400914
0.00010504753400914
0.00010504753400914
0.00010504753400914
0.00010504753400914
0.00021009506801828
0.00010504753400914
0.00010504753400914
0.00010504753400914
0.00010504753400914
0.00010504753400914
0.00015757130101371
0.00010504753400914
0.00010504753400914
0.00010504753400914
0.00010504753400914
0.00010504753400914
0.00010504753400914
0.00010504753400914
0.00010504753400914
0.00015757130101371
0.00010504753400914
0.00010504753400914
0.00021009506801828
0.00010504753400914
0.00010504753400914
0.00010504753400914
0.00010504753400914
0.00010504753400914
0.00010504753400914
0.00021009506801828
0.00010504753400914
0.00015757130101371
0.00010504753400914
0.00010504753400914
0.00010504753400914
0.00010504753400914
0.00010504753400914
0.00010504753400914
0.00015757130101371
0.00010504753400914
0.00010504753400914
0.00010504753400914
0.00010504753400914
0.00015757130101371
0.00010504753400914
0.00010504753400914
0.00010504753400914
0.00010504753400914
0.00010504753400914
0.00010504753400914
0.00010504753400914
0.00010504753400914
0.00010504753400914
0.00010504753400914
0.00010504753400914
0.00026261883502285
0.00010504753400914
0.00010504753400914
0.00010504753400914
0.00010504753400914
0.00010504753400914
0.00015757130101371
0.00010504753400914
0.00010504753400914
0.00010504753400914
0.00010504753400914
0.00010504753400914
0.00010504753400914
0.00010504753400914
0.00010504753400914
0.00010504753400914
0.00010504753400914
0.00010504753400914
0.00010504753400914
0.00010504753400914
0.00010504753400914
0.00010504753400914
0.00010504753400914
0.00010504753400914
0.00010504753400914
0.00010504753400914
0.00010504753400914
0.00010504753400914
0.00010504753400914
0.00010504753400914
0.00010504753400914
0.00010504753400914
0.00015757130101371
0.00021009506801828
0.00010504753400914
0.00010504753400914
0.00010504753400914
0.00010504753400914
0.00010504753400914
0.00010504753400914
0.00010504753400914
0.00010504753400914
0.00010504753400914
0.00010504753400914
0.00010504753400914
0.00015757130101371
0.00010504753400914
0.00010504753400914
0.00010504753400914
0.00010504753400914
0.00010504753400914
0.00010504753400914
0.00010504753400914
0.00010504753400914
0.00010504753400914
0.00010504753400914
0.00010504753400914
0.00010504753400914
0.00010504753400914
0.00010504753400914
0.00010504753400914
0.00010504753400914
0.00010504753400914
0.00015757130101371
0.00015757130101371
0.00010504753400914
0.00010504753400914
0.00010504753400914
0.00010504753400914
0.00010504753400914
0.00010504753400914
0.00010504753400914
0.00010504753400914
0.00010504753400914
0.00010504753400914
0.00010504753400914
0.00010504753400914
0.00010504753400914
0.00010504753400914
0.00010504753400914
0.00010504753400914
0.00010504753400914
0.00010504753400914
5.252376700457E-5
5.252376700457E-5
5.252376700457E-5
5.252376700457E-5
5.252376700457E-5
5.252376700457E-5
5.252376700457E-5
5.252376700457E-5
5.252376700457E-5
5.252376700457E-5
5.252376700457E-5
5.252376700457E-5
5.252376700457E-5
5.252376700457E-5
5.252376700457E-5
5.252376700457E-5
5.252376700457E-5
5.252376700457E-5
5.252376700457E-5
5.252376700457E-5
5.252376700457E-5
5.252376700457E-5
5.252376700457E-5
5.252376700457E-5
5.252376700457E-5
5.252376700457E-5
5.252376700457E-5
5.252376700457E-5
5.252376700457E-5
5.252376700457E-5
5.252376700457E-5
5.252376700457E-5
5.252376700457E-5
5.252376700457E-5
5.252376700457E-5
5.252376700457E-5
5.252376700457E-5
5.252376700457E-5
5.252376700457E-5
5.252376700457E-5
5.252376700457E-5
5.252376700457E-5
5.252376700457E-5
5.252376700457E-5
5.252376700457E-5
5.252376700457E-5
5.252376700457E-5
5.252376700457E-5
5.252376700457E-5
5.252376700457E-5
5.252376700457E-5
5.252376700457E-5
5.252376700457E-5
5.252376700457E-5
5.252376700457E-5
5.252376700457E-5
5.252376700457E-5
5.252376700457E-5
5.252376700457E-5
5.252376700457E-5
5.252376700457E-5
5.252376700457E-5
5.252376700457E-5
5.252376700457E-5
5.252376700457E-5
5.252376700457E-5
5.252376700457E-5
5.252376700457E-5
5.252376700457E-5
5.252376700457E-5
5.252376700457E-5
5.252376700457E-5
5.252376700457E-5
5.252376700457E-5
5.252376700457E-5
5.252376700457E-5
5.252376700457E-5
5.252376700457E-5
5.252376700457E-5
5.252376700457E-5
5.252376700457E-5
5.252376700457E-5
5.252376700457E-5
5.252376700457E-5
5.252376700457E-5
5.252376700457E-5
5.252376700457E-5
5.252376700457E-5
5.252376700457E-5
5.252376700457E-5
5.252376700457E-5
5.252376700457E-5
5.252376700457E-5
5.252376700457E-5
5.252376700457E-5
5.252376700457E-5
5.252376700457E-5
5.252376700457E-5
5.252376700457E-5
5.252376700457E-5
5.252376700457E-5
5.252376700457E-5
5.252376700457E-5
5.252376700457E-5
5.252376700457E-5
5.252376700457E-5
5.252376700457E-5
5.252376700457E-5
5.252376700457E-5
5.252376700457E-5
5.252376700457E-5
5.252376700457E-5
5.252376700457E-5
5.252376700457E-5
5.252376700457E-5
5.252376700457E-5
5.252376700457E-5
5.252376700457E-5
5.252376700457E-5
5.252376700457E-5
5.252376700457E-5
5.252376700457E-5
5.252376700457E-5
5.252376700457E-5
5.252376700457E-5
5.252376700457E-5
5.252376700457E-5
5.252376700457E-5
5.252376700457E-5
5.252376700457E-5
5.252376700457E-5
5.252376700457E-5
5.252376700457E-5
5.252376700457E-5
5.252376700457E-5
5.252376700457E-5
5.252376700457E-5
5.252376700457E-5
5.252376700457E-5
5.252376700457E-5
5.252376700457E-5
5.252376700457E-5
5.252376700457E-5
5.252376700457E-5
5.252376700457E-5
5.252376700457E-5
5.252376700457E-5
5.252376700457E-5
5.252376700457E-5
5.252376700457E-5
5.252376700457E-5
5.252376700457E-5
5.252376700457E-5
5.252376700457E-5
5.252376700457E-5
5.252376700457E-5
5.252376700457E-5
5.252376700457E-5
5.252376700457E-5
5.252376700457E-5
5.252376700457E-5
5.252376700457E-5
5.252376700457E-5
5.252376700457E-5
5.252376700457E-5
5.252376700457E-5
5.252376700457E-5
5.252376700457E-5
5.252376700457E-5
5.252376700457E-5
5.252376700457E-5
5.252376700457E-5
5.252376700457E-5
5.252376700457E-5
5.252376700457E-5
5.252376700457E-5
5.252376700457E-5
5.252376700457E-5
5.252376700457E-5
5.252376700457E-5
5.252376700457E-5
5.252376700457E-5
5.252376700457E-5
5.252376700457E-5
5.252376700457E-5
5.252376700457E-5
5.252376700457E-5
5.252376700457E-5
5.252376700457E-5
5.252376700457E-5
5.252376700457E-5
5.252376700457E-5
5.252376700457E-5
5.252376700457E-5
5.252376700457E-5
5.252376700457E-5
5.252376700457E-5
5.252376700457E-5
5.252376700457E-5
5.252376700457E-5
5.252376700457E-5
5.252376700457E-5
5.252376700457E-5
5.252376700457E-5
5.252376700457E-5
5.252376700457E-5
5.252376700457E-5
5.252376700457E-5
5.252376700457E-5
5.252376700457E-5
5.252376700457E-5
5.252376700457E-5
5.252376700457E-5
5.252376700457E-5
5.252376700457E-5
5.252376700457E-5
5.252376700457E-5
5.252376700457E-5
5.252376700457E-5
5.252376700457E-5
5.252376700457E-5
5.252376700457E-5
5.252376700457E-5
5.252376700457E-5
5.252376700457E-5
5.252376700457E-5
5.252376700457E-5
5.252376700457E-5
5.252376700457E-5
5.252376700457E-5
5.252376700457E-5
5.252376700457E-5
5.252376700457E-5
5.252376700457E-5
5.252376700457E-5
5.252376700457E-5
5.252376700457E-5
5.252376700457E-5
5.252376700457E-5
5.252376700457E-5
5.252376700457E-5
5.252376700457E-5
5.252376700457E-5
5.252376700457E-5
5.252376700457E-5
5.252376700457E-5
5.252376700457E-5
5.252376700457E-5
5.252376700457E-5
5.252376700457E-5
5.252376700457E-5
5.252376700457E-5
5.252376700457E-5
5.252376700457E-5
5.252376700457E-5
5.252376700457E-5
5.252376700457E-5
5.252376700457E-5
5.252376700457E-5
5.252376700457E-5
5.252376700457E-5
5.252376700457E-5
5.252376700457E-5
5.252376700457E-5
5.252376700457E-5
5.252376700457E-5
5.252376700457E-5
5.252376700457E-5
5.252376700457E-5
5.252376700457E-5
5.252376700457E-5
5.252376700457E-5
5.252376700457E-5
5.252376700457E-5
5.252376700457E-5
5.252376700457E-5
5.252376700457E-5
5.252376700457E-5
5.252376700457E-5
5.252376700457E-5
5.252376700457E-5
5.252376700457E-5
5.252376700457E-5
5.252376700457E-5
5.252376700457E-5
5.252376700457E-5
5.252376700457E-5
5.252376700457E-5
5.252376700457E-5
5.252376700457E-5
5.252376700457E-5
5.252376700457E-5
5.252376700457E-5
5.252376700457E-5
5.252376700457E-5
5.252376700457E-5
5.252376700457E-5
5.252376700457E-5
5.252376700457E-5
5.252376700457E-5
5.252376700457E-5
5.252376700457E-5
5.252376700457E-5
5.252376700457E-5
5.252376700457E-5
5.252376700457E-5
5.252376700457E-5
5.252376700457E-5
5.252376700457E-5
5.252376700457E-5
5.252376700457E-5
5.252376700457E-5
5.252376700457E-5
5.252376700457E-5
5.252376700457E-5
5.252376700457E-5
5.252376700457E-5
5.252376700457E-5
5.252376700457E-5
5.252376700457E-5
5.252376700457E-5
5.252376700457E-5
5.252376700457E-5
5.252376700457E-5
5.252376700457E-5
5.252376700457E-5
5.252376700457E-5
5.252376700457E-5
5.252376700457E-5
5.252376700457E-5
5.252376700457E-5
5.252376700457E-5
5.252376700457E-5
5.252376700457E-5
5.252376700457E-5
5.252376700457E-5
5.252376700457E-5
5.252376700457E-5
5.252376700457E-5
5.252376700457E-5
5.252376700457E-5
5.252376700457E-5
5.252376700457E-5
5.252376700457E-5
5.252376700457E-5
5.252376700457E-5
5.252376700457E-5
5.252376700457E-5
5.252376700457E-5
5.252376700457E-5
5.252376700457E-5
5.252376700457E-5
5.252376700457E-5
5.252376700457E-5
5.252376700457E-5
5.252376700457E-5
5.252376700457E-5
5.252376700457E-5
5.252376700457E-5
5.252376700457E-5
5.252376700457E-5
5.252376700457E-5
5.252376700457E-5
5.252376700457E-5
5.252376700457E-5
5.252376700457E-5
5.252376700457E-5
5.252376700457E-5
5.252376700457E-5
5.252376700457E-5
5.252376700457E-5
5.252376700457E-5
5.252376700457E-5
5.252376700457E-5
5.252376700457E-5
5.252376700457E-5
5.252376700457E-5
5.252376700457E-5
5.252376700457E-5
5.252376700457E-5
5.252376700457E-5
5.252376700457E-5
5.252376700457E-5
5.252376700457E-5
5.252376700457E-5
5.252376700457E-5
5.252376700457E-5
5.252376700457E-5
5.252376700457E-5
5.252376700457E-5
5.252376700457E-5
5.252376700457E-5
5.252376700457E-5
5.252376700457E-5
5.252376700457E-5
5.252376700457E-5
5.252376700457E-5
5.252376700457E-5
5.252376700457E-5
5.252376700457E-5
5.252376700457E-5
5.252376700457E-5
5.252376700457E-5
5.252376700457E-5
5.252376700457E-5
5.252376700457E-5
5.252376700457E-5
5.252376700457E-5
5.252376700457E-5
5.252376700457E-5
5.252376700457E-5
5.252376700457E-5
5.252376700457E-5
5.252376700457E-5
5.252376700457E-5
5.252376700457E-5
5.252376700457E-5
5.252376700457E-5
5.252376700457E-5
5.252376700457E-5
5.252376700457E-5
5.252376700457E-5
5.252376700457E-5
5.252376700457E-5
5.252376700457E-5
5.252376700457E-5
5.252376700457E-5
5.252376700457E-5
5.252376700457E-5
5.252376700457E-5
5.252376700457E-5
5.252376700457E-5
5.252376700457E-5
5.252376700457E-5
5.252376700457E-5
5.252376700457E-5
5.252376700457E-5
5.252376700457E-5
5.252376700457E-5
5.252376700457E-5
5.252376700457E-5
5.252376700457E-5
5.252376700457E-5
5.252376700457E-5
5.252376700457E-5
5.252376700457E-5
5.252376700457E-5
5.252376700457E-5
5.252376700457E-5
5.252376700457E-5
5.252376700457E-5
5.252376700457E-5
5.252376700457E-5
5.252376700457E-5
5.252376700457E-5
5.252376700457E-5
5.252376700457E-5
5.252376700457E-5
5.252376700457E-5
5.252376700457E-5
5.252376700457E-5
5.252376700457E-5
5.252376700457E-5
5.252376700457E-5
5.252376700457E-5
5.252376700457E-5
5.252376700457E-5
5.252376700457E-5
5.252376700457E-5
5.252376700457E-5
5.252376700457E-5
5.252376700457E-5
5.252376700457E-5
5.252376700457E-5
5.252376700457E-5
5.252376700457E-5
5.252376700457E-5
5.252376700457E-5
5.252376700457E-5
5.252376700457E-5
5.252376700457E-5
5.252376700457E-5
5.252376700457E-5
5.252376700457E-5
5.252376700457E-5
5.252376700457E-5
5.252376700457E-5
5.252376700457E-5
5.252376700457E-5
5.252376700457E-5
5.252376700457E-5
5.252376700457E-5
5.252376700457E-5
5.252376700457E-5
5.252376700457E-5
5.252376700457E-5
5.252376700457E-5
5.252376700457E-5
5.252376700457E-5
5.252376700457E-5
5.252376700457E-5
5.252376700457E-5
5.252376700457E-5
5.252376700457E-5
5.252376700457E-5
5.252376700457E-5
5.252376700457E-5
5.252376700457E-5
5.252376700457E-5
5.252376700457E-5
5.252376700457E-5
5.252376700457E-5
5.252376700457E-5
5.252376700457E-5
5.252376700457E-5
5.252376700457E-5
5.252376700457E-5
5.252376700457E-5
5.252376700457E-5
5.252376700457E-5
5.252376700457E-5
5.252376700457E-5
5.252376700457E-5
5.252376700457E-5
5.252376700457E-5
5.252376700457E-5
5.252376700457E-5
5.252376700457E-5
5.252376700457E-5
5.252376700457E-5
5.252376700457E-5
5.252376700457E-5
5.252376700457E-5
5.252376700457E-5
5.252376700457E-5
5.252376700457E-5
5.252376700457E-5
5.252376700457E-5
5.252376700457E-5
5.252376700457E-5
5.252376700457E-5
5.252376700457E-5
5.252376700457E-5
5.252376700457E-5
5.252376700457E-5
5.252376700457E-5
5.252376700457E-5
5.252376700457E-5
5.252376700457E-5
5.252376700457E-5
5.252376700457E-5
5.252376700457E-5
5.252376700457E-5
5.252376700457E-5
5.252376700457E-5
5.252376700457E-5
5.252376700457E-5
5.252376700457E-5
5.252376700457E-5
5.252376700457E-5
5.252376700457E-5
5.252376700457E-5
5.252376700457E-5
5.252376700457E-5
5.252376700457E-5
5.252376700457E-5
5.252376700457E-5
5.252376700457E-5
5.252376700457E-5
5.252376700457E-5
5.252376700457E-5
5.252376700457E-5
5.252376700457E-5
5.252376700457E-5
5.252376700457E-5
5.252376700457E-5
5.252376700457E-5
5.252376700457E-5
5.252376700457E-5
5.252376700457E-5
5.252376700457E-5
5.252376700457E-5
5.252376700457E-5
5.252376700457E-5
5.252376700457E-5
5.252376700457E-5
5.252376700457E-5
5.252376700457E-5
5.252376700457E-5
5.252376700457E-5
5.252376700457E-5
5.252376700457E-5
5.252376700457E-5
5.252376700457E-5
5.252376700457E-5
5.252376700457E-5
5.252376700457E-5
5.252376700457E-5
5.252376700457E-5
5.252376700457E-5
5.252376700457E-5
5.252376700457E-5
5.252376700457E-5
5.252376700457E-5
5.252376700457E-5
5.252376700457E-5
5.252376700457E-5
5.252376700457E-5
5.252376700457E-5
5.252376700457E-5
5.252376700457E-5
5.252376700457E-5
5.252376700457E-5
5.252376700457E-5
5.252376700457E-5
5.252376700457E-5
5.252376700457E-5
5.252376700457E-5
5.252376700457E-5
5.252376700457E-5
5.252376700457E-5
5.252376700457E-5
5.252376700457E-5
5.252376700457E-5
5.252376700457E-5
5.252376700457E-5
5.252376700457E-5
5.252376700457E-5
5.252376700457E-5
5.252376700457E-5
5.252376700457E-5
5.252376700457E-5
5.252376700457E-5
5.252376700457E-5
5.252376700457E-5
5.252376700457E-5
5.252376700457E-5
5.252376700457E-5
5.252376700457E-5
5.252376700457E-5
5.252376700457E-5
5.252376700457E-5
5.252376700457E-5
5.252376700457E-5
5.252376700457E-5
5.252376700457E-5
5.252376700457E-5
5.252376700457E-5
5.252376700457E-5
5.252376700457E-5
5.252376700457E-5
5.252376700457E-5
5.252376700457E-5
5.252376700457E-5
5.252376700457E-5
5.252376700457E-5
5.252376700457E-5
5.252376700457E-5
5.252376700457E-5
5.252376700457E-5
5.252376700457E-5
5.252376700457E-5
5.252376700457E-5
5.252376700457E-5
5.252376700457E-5
5.252376700457E-5
5.252376700457E-5
5.252376700457E-5
5.252376700457E-5
5.252376700457E-5
5.252376700457E-5
5.252376700457E-5
5.252376700457E-5
5.252376700457E-5
5.252376700457E-5
5.252376700457E-5
5.252376700457E-5
5.252376700457E-5
5.252376700457E-5
5.252376700457E-5
5.252376700457E-5
5.252376700457E-5
5.252376700457E-5
5.252376700457E-5
5.252376700457E-5
5.252376700457E-5
5.252376700457E-5
5.252376700457E-5
5.252376700457E-5
5.252376700457E-5
5.252376700457E-5
5.252376700457E-5
5.252376700457E-5
5.252376700457E-5
5.252376700457E-5
5.252376700457E-5
5.252376700457E-5
5.252376700457E-5
5.252376700457E-5
5.252376700457E-5
5.252376700457E-5
5.252376700457E-5
5.252376700457E-5
5.252376700457E-5
5.252376700457E-5
5.252376700457E-5
5.252376700457E-5
5.252376700457E-5
5.252376700457E-5
5.252376700457E-5
5.252376700457E-5
5.252376700457E-5
5.252376700457E-5
5.252376700457E-5
5.252376700457E-5
5.252376700457E-5
5.252376700457E-5
5.252376700457E-5
5.252376700457E-5
5.252376700457E-5
5.252376700457E-5
5.252376700457E-5
5.252376700457E-5
5.252376700457E-5
5.252376700457E-5
5.252376700457E-5
5.252376700457E-5
5.252376700457E-5
5.252376700457E-5
5.252376700457E-5
5.252376700457E-5
5.252376700457E-5
5.252376700457E-5
5.252376700457E-5
5.252376700457E-5
5.252376700457E-5
5.252376700457E-5
5.252376700457E-5
5.252376700457E-5
5.252376700457E-5
5.252376700457E-5
5.252376700457E-5
5.252376700457E-5
5.252376700457E-5
5.252376700457E-5
5.252376700457E-5
5.252376700457E-5
5.252376700457E-5
5.252376700457E-5
5.252376700457E-5
5.252376700457E-5
5.252376700457E-5
5.252376700457E-5
5.252376700457E-5
5.252376700457E-5
5.252376700457E-5
5.252376700457E-5
5.252376700457E-5
5.252376700457E-5
5.252376700457E-5
5.252376700457E-5
5.252376700457E-5
5.252376700457E-5
5.252376700457E-5
5.252376700457E-5
5.252376700457E-5
5.252376700457E-5
5.252376700457E-5
5.252376700457E-5
5.252376700457E-5
5.252376700457E-5
5.252376700457E-5
5.252376700457E-5
5.252376700457E-5
5.252376700457E-5
5.252376700457E-5
5.252376700457E-5
5.252376700457E-5
5.252376700457E-5
5.252376700457E-5
5.252376700457E-5
5.252376700457E-5
5.252376700457E-5
5.252376700457E-5
5.252376700457E-5
5.252376700457E-5
5.252376700457E-5
5.252376700457E-5
5.252376700457E-5
5.252376700457E-5
5.252376700457E-5
5.252376700457E-5
5.252376700457E-5
5.252376700457E-5
5.252376700457E-5
5.252376700457E-5
5.252376700457E-5
5.252376700457E-5
5.252376700457E-5
5.252376700457E-5
5.252376700457E-5
5.252376700457E-5
5.252376700457E-5
5.252376700457E-5
5.252376700457E-5
5.252376700457E-5
5.252376700457E-5
5.252376700457E-5
5.252376700457E-5
5.252376700457E-5
5.252376700457E-5
5.252376700457E-5
5.252376700457E-5
5.252376700457E-5
