0.0064259627386621
0.0063797327909019
0.0055475937312191
0.0024039572835283
0.0056400536267394
0.0049003744625769
0.0048541445148167
0.0024039572835283
0.0042531551939346
0.011280107253479
0.016504091350377
0.01456243354445
0.0028200268133697
0.0036521658730526
0.0096620590818732
0.0047616846192964
0.00046229947760159
0.0018029679626462
0.00291248670889
0.00027737968656095
0.0014793583283251
9.2459895520318E-5
0.00027737968656095
0.0054089038879386
0.00055475937312191
0.013314224954926
0.0031436364476908
0.00046229947760159
0.0074892515371458
0.0002311497388008
0.0017105080671259
0.00046229947760159
0.00069344921640239
0.027922888447136
0.010401738246036
0.0045305348804956
0.01738246035782
0.005223984096898
0.0010632887984837
0.0007859091119227
0.0013868984328048
0.0013406684850446
0.00027737968656095
0.0021265775969673
0.0064721926864223
0.0054089038879386
0.0054089038879386
0.00018491979104064
0.0012019786417641
0.00018491979104064
0.00060098932088207
9.2459895520318E-5
0.0041144653506542
0.0047154546715362
0.0018491979104064
0.0013868984328048
0.017798529887661
0.0018954278581665
0.0051777541491378
0.0054551338356988
0.0097545189773936
0.0064259627386621
0.00050852942536175
0.00046229947760159
0.0030049466044103
0.0033747861864916
0.00055475937312191
0.0011095187462438
0.001155748694004
0.0073967916416254
0.002311497388008
0.0015718182238454
0.0012482085895243
0.0011095187462438
0.0059636632610605
0.0047616846192964
0.0012944385372845
0.0039295455596135
0.00046229947760159
0.0010170588507235
0.0010170588507235
0.00050852942536175
0.0013406684850446
0.00092459895520318
0.00036983958208127
9.2459895520318E-5
0.00018491979104064
0.0016180481716056
9.2459895520318E-5
0.0018491979104064
0.0002311497388008
0.0011095187462438
0.0070731820073043
0.00046229947760159
4.6229947760159E-5
0.00073967916416254
0.0022190374924876
0.0002311497388008
0.0032360963432111
0.002311497388008
0.0034672460820119
4.6229947760159E-5
4.6229947760159E-5
0.00050852942536175
0.00046229947760159
0.00013868984328048
0.00032360963432111
0.00041606952984143
4.6229947760159E-5
0.0091535296565115
0.0021728075447275
0.0014793583283251
0.0038370856640932
0.0044380749849753
9.2459895520318E-5
0.0002311497388008
0.00087836900744302
0.00013868984328048
4.6229947760159E-5
4.6229947760159E-5
0.0014793583283251
0.0022190374924876
0.0015718182238454
0.0030974064999307
0.00083213905968286
0.0007859091119227
0.00041606952984143
0.0002311497388008
0.00083213905968286
0.00060098932088207
0.0012944385372845
0.0073967916416254
9.2459895520318E-5
0.00027737968656095
0.0015255882760852
0.00069344921640239
0.0016180481716056
0.0013406684850446
0.0024039572835283
0.0075354814849059
0.0018491979104064
0.0012944385372845
0.00018491979104064
0.00013868984328048
0.0007859091119227
0.00087836900744302
0.00036983958208127
0.004068235402894
0.0018029679626462
0.00092459895520318
0.0002311497388008
0.0013406684850446
0.00060098932088207
0.0012019786417641
0.0012482085895243
0.00092459895520318
0.00032360963432111
0.0044380749849753
0.00013868984328048
0.0010632887984837
0.00018491979104064
0.0033747861864916
0.0018491979104064
0.0023577273357681
0.00018491979104064
0.0012482085895243
0.00060098932088207
9.2459895520318E-5
0.00032360963432111
0.0021728075447275
0.002311497388008
0.00050852942536175
0.0002311497388008
0.00050852942536175
9.2459895520318E-5
9.2459895520318E-5
0.00032360963432111
0.00032360963432111
0.00013868984328048
0.00027737968656095
0.00060098932088207
0.00087836900744302
0.00013868984328048
0.00032360963432111
0.00083213905968286
9.2459895520318E-5
0.00018491979104064
0.0047154546715362
0.0026813369700892
0.00097082890296334
0.0047154546715362
0.0013406684850446
0.0013406684850446
0.00018491979104064
9.2459895520318E-5
0.00032360963432111
0.00018491979104064
0.0036059359252924
0.0019878877536868
9.2459895520318E-5
9.2459895520318E-5
0.00018491979104064
0.00013868984328048
0.00027737968656095
0.00013868984328048
0.0017105080671259
0.00083213905968286
0.00055475937312191
0.00092459895520318
0.00055475937312191
0.0002311497388008
4.6229947760159E-5
0.0002311497388008
4.6229947760159E-5
0.00069344921640239
0.0002311497388008
0.00046229947760159
0.015856872081735
4.6229947760159E-5
0.0013406684850446
4.6229947760159E-5
0.00050852942536175
0.00036983958208127
0.0036521658730526
0.0038370856640932
0.0046229947760159
0.0014793583283251
4.6229947760159E-5
0.00083213905968286
0.00032360963432111
0.0016642781193657
0.00055475937312191
9.2459895520318E-5
0.002034117701447
0.00097082890296334
0.00032360963432111
0.00083213905968286
0.00013868984328048
0.00036983958208127
0.0075817114326661
0.00041606952984143
0.00018491979104064
0.00073967916416254
0.00097082890296334
0.0013406684850446
0.0013406684850446
0.00032360963432111
0.0012019786417641
0.0019416578059267
0.00018491979104064
0.00069344921640239
0.0018954278581665
0.00013868984328048
0.00060098932088207
0.002034117701447
0.00064721926864223
0.0030511765521705
0.00036983958208127
0.00032360963432111
0.00069344921640239
0.0007859091119227
9.2459895520318E-5
0.00027737968656095
0.0012482085895243
0.0002311497388008
0.00018491979104064
0.00013868984328048
0.0019878877536868
0.00027737968656095
0.0010632887984837
0.0002311497388008
0.0002311497388008
0.00013868984328048
0.00018491979104064
0.00041606952984143
0.0040220054551338
0.00013868984328048
0.0016642781193657
0.002034117701447
0.0002311497388008
0.00018491979104064
9.2459895520318E-5
0.00041606952984143
0.00041606952984143
0.0002311497388008
0.0017105080671259
0.00032360963432111
9.2459895520318E-5
0.00036983958208127
0.00046229947760159
0.00064721926864223
0.00013868984328048
0.00069344921640239
0.0007859091119227
4.6229947760159E-5
0.00055475937312191
0.00069344921640239
0.00032360963432111
9.2459895520318E-5
0.0002311497388008
0.0002311497388008
0.0011095187462438
0.00036983958208127
0.0011095187462438
0.0007859091119227
0.00027737968656095
0.00069344921640239
0.00018491979104064
0.00050852942536175
0.00027737968656095
0.00013868984328048
0.0012019786417641
9.2459895520318E-5
0.00027737968656095
0.00069344921640239
0.0012482085895243
0.00018491979104064
4.6229947760159E-5
0.00013868984328048
0.003189866395451
0.00041606952984143
0.00069344921640239
0.0002311497388008
0.0012482085895243
0.00046229947760159
0.00036983958208127
0.00018491979104064
0.00064721926864223
0.00018491979104064
0.00013868984328048
0.00060098932088207
0.00046229947760159
9.2459895520318E-5
9.2459895520318E-5
0.00055475937312191
0.0010170588507235
9.2459895520318E-5
0.00097082890296334
0.00027737968656095
0.00027737968656095
0.00083213905968286
0.00013868984328048
0.0014331283805649
4.6229947760159E-5
0.00013868984328048
0.00097082890296334
0.0002311497388008
0.00018491979104064
0.00069344921640239
0.00083213905968286
0.00018491979104064
0.00018491979104064
0.00073967916416254
0.00018491979104064
0.00018491979104064
0.00018491979104064
4.6229947760159E-5
0.00055475937312191
0.00013868984328048
0.00050852942536175
0.0007859091119227
0.00069344921640239
0.00027737968656095
0.00064721926864223
4.6229947760159E-5
4.6229947760159E-5
4.6229947760159E-5
9.2459895520318E-5
9.2459895520318E-5
0.00013868984328048
0.00013868984328048
0.00018491979104064
0.0013868984328048
0.0011095187462438
0.00013868984328048
0.00013868984328048
0.00036983958208127
9.2459895520318E-5
0.00032360963432111
0.00013868984328048
0.00013868984328048
0.00036983958208127
0.0013406684850446
9.2459895520318E-5
0.00092459895520318
0.00027737968656095
0.00060098932088207
0.00013868984328048
0.00018491979104064
0.00069344921640239
0.00050852942536175
0.00083213905968286
0.0007859091119227
0.0007859091119227
0.00041606952984143
0.00036983958208127
9.2459895520318E-5
0.001155748694004
0.0028200268133697
9.2459895520318E-5
9.2459895520318E-5
0.00036983958208127
0.00027737968656095
0.001756738014886
0.00036983958208127
0.00013868984328048
0.00050852942536175
0.00050852942536175
9.2459895520318E-5
0.00032360963432111
9.2459895520318E-5
9.2459895520318E-5
0.00013868984328048
0.00036983958208127
0.00060098932088207
0.00027737968656095
9.2459895520318E-5
0.00018491979104064
0.00041606952984143
0.00036983958208127
0.00046229947760159
9.2459895520318E-5
9.2459895520318E-5
0.00018491979104064
0.0002311497388008
0.00036983958208127
0.00013868984328048
0.00041606952984143
0.00055475937312191
0.00064721926864223
0.00055475937312191
0.00055475937312191
0.00013868984328048
4.6229947760159E-5
0.00041606952984143
4.6229947760159E-5
4.6229947760159E-5
0.00060098932088207
0.00032360963432111
0.00032360963432111
0.00032360963432111
0.00087836900744302
0.00060098932088207
0.00027737968656095
0.00018491979104064
0.00041606952984143
9.2459895520318E-5
9.2459895520318E-5
9.2459895520318E-5
0.00027737968656095
0.0033747861864916
0.0007859091119227
0.0002311497388008
9.2459895520318E-5
0.00013868984328048
0.00032360963432111
9.2459895520318E-5
0.00013868984328048
0.00055475937312191
0.00092459895520318
0.00013868984328048
9.2459895520318E-5
0.00041606952984143
0.00036983958208127
0.00018491979104064
4.6229947760159E-5
0.00013868984328048
0.0013868984328048
0.00041606952984143
4.6229947760159E-5
0.0012944385372845
0.00046229947760159
0.00046229947760159
4.6229947760159E-5
0.00055475937312191
0.00018491979104064
9.2459895520318E-5
0.00018491979104064
0.00032360963432111
0.00073967916416254
4.6229947760159E-5
0.00046229947760159
0.00083213905968286
0.00027737968656095
0.00064721926864223
0.00013868984328048
0.00018491979104064
0.00027737968656095
0.00013868984328048
4.6229947760159E-5
4.6229947760159E-5
4.6229947760159E-5
0.00046229947760159
0.00013868984328048
0.00027737968656095
9.2459895520318E-5
0.00013868984328048
0.00032360963432111
4.6229947760159E-5
0.0018029679626462
0.00027737968656095
9.2459895520318E-5
0.0002311497388008
0.0002311497388008
0.00046229947760159
0.00041606952984143
0.00060098932088207
0.00013868984328048
0.00092459895520318
0.00064721926864223
0.0012482085895243
0.00041606952984143
0.00032360963432111
0.00036983958208127
0.00050852942536175
9.2459895520318E-5
0.00018491979104064
0.00050852942536175
0.00018491979104064
0.00032360963432111
0.00018491979104064
0.00018491979104064
0.0002311497388008
0.00050852942536175
0.00032360963432111
0.00013868984328048
0.00097082890296334
9.2459895520318E-5
0.0002311497388008
0.00027737968656095
0.00055475937312191
9.2459895520318E-5
0.0002311497388008
0.00013868984328048
9.2459895520318E-5
0.00041606952984143
0.00027737968656095
0.00013868984328048
0.00046229947760159
4.6229947760159E-5
0.00046229947760159
9.2459895520318E-5
0.00027737968656095
4.6229947760159E-5
9.2459895520318E-5
0.00032360963432111
0.00036983958208127
0.00036983958208127
0.0007859091119227
9.2459895520318E-5
0.00018491979104064
0.00055475937312191
0.0019416578059267
0.00018491979104064
0.00013868984328048
4.6229947760159E-5
4.6229947760159E-5
0.00013868984328048
0.00046229947760159
0.00013868984328048
9.2459895520318E-5
0.00036983958208127
0.00041606952984143
0.00032360963432111
9.2459895520318E-5
0.00013868984328048
9.2459895520318E-5
9.2459895520318E-5
0.00055475937312191
9.2459895520318E-5
9.2459895520318E-5
0.00032360963432111
0.0012019786417641
0.00018491979104064
0.00083213905968286
0.00013868984328048
0.00013868984328048
0.00073967916416254
0.00036983958208127
0.00050852942536175
0.00073967916416254
0.0007859091119227
0.00013868984328048
0.00027737968656095
0.0002311497388008
0.0007859091119227
9.2459895520318E-5
4.6229947760159E-5
0.00013868984328048
4.6229947760159E-5
9.2459895520318E-5
0.00069344921640239
0.0002311497388008
4.6229947760159E-5
9.2459895520318E-5
9.2459895520318E-5
0.00013868984328048
0.00083213905968286
0.00013868984328048
0.00064721926864223
9.2459895520318E-5
0.0002311497388008
0.00018491979104064
0.00036983958208127
0.0011095187462438
9.2459895520318E-5
9.2459895520318E-5
9.2459895520318E-5
0.0002311497388008
0.00013868984328048
0.00013868984328048
0.00013868984328048
0.00013868984328048
0.00027737968656095
0.0002311497388008
4.6229947760159E-5
4.6229947760159E-5
0.00027737968656095
0.00046229947760159
0.00027737968656095
0.00041606952984143
9.2459895520318E-5
0.00060098932088207
0.00018491979104064
0.00069344921640239
0.00060098932088207
0.00092459895520318
0.0002311497388008
0.00041606952984143
0.00046229947760159
0.00018491979104064
0.00013868984328048
0.0007859091119227
0.00036983958208127
0.00018491979104064
0.00050852942536175
0.00041606952984143
9.2459895520318E-5
9.2459895520318E-5
9.2459895520318E-5
9.2459895520318E-5
0.00027737968656095
9.2459895520318E-5
9.2459895520318E-5
0.00036983958208127
9.2459895520318E-5
9.2459895520318E-5
9.2459895520318E-5
0.0011095187462438
0.00073967916416254
0.00018491979104064
0.0002311497388008
0.00055475937312191
0.00013868984328048
0.00018491979104064
9.2459895520318E-5
9.2459895520318E-5
0.0002311497388008
0.0002311497388008
9.2459895520318E-5
0.00018491979104064
0.00041606952984143
0.0002311497388008
0.00032360963432111
0.00013868984328048
9.2459895520318E-5
9.2459895520318E-5
0.0002311497388008
9.2459895520318E-5
0.00027737968656095
9.2459895520318E-5
0.00018491979104064
0.00046229947760159
0.00050852942536175
0.00013868984328048
0.00041606952984143
0.00027737968656095
0.00055475937312191
0.00064721926864223
9.2459895520318E-5
0.0002311497388008
0.0002311497388008
9.2459895520318E-5
0.00027737968656095
4.6229947760159E-5
4.6229947760159E-5
0.00013868984328048
0.0011095187462438
0.00055475937312191
0.00013868984328048
0.00018491979104064
0.0002311497388008
9.2459895520318E-5
9.2459895520318E-5
0.00018491979104064
0.00046229947760159
0.00060098932088207
0.00013868984328048
0.0002311497388008
0.0002311497388008
0.00027737968656095
0.00013868984328048
0.00018491979104064
0.00013868984328048
0.0002311497388008
0.00060098932088207
0.00041606952984143
0.00046229947760159
0.00055475937312191
0.00013868984328048
0.00064721926864223
9.2459895520318E-5
0.0002311497388008
0.00055475937312191
0.00041606952984143
4.6229947760159E-5
0.00032360963432111
4.6229947760159E-5
4.6229947760159E-5
9.2459895520318E-5
0.00018491979104064
4.6229947760159E-5
9.2459895520318E-5
0.0002311497388008
0.00050852942536175
4.6229947760159E-5
4.6229947760159E-5
4.6229947760159E-5
4.6229947760159E-5
0.00083213905968286
4.6229947760159E-5
4.6229947760159E-5
9.2459895520318E-5
0.00060098932088207
4.6229947760159E-5
4.6229947760159E-5
0.0002311497388008
9.2459895520318E-5
0.00069344921640239
0.00013868984328048
0.00013868984328048
9.2459895520318E-5
0.0014331283805649
0.00013868984328048
9.2459895520318E-5
4.6229947760159E-5
4.6229947760159E-5
0.00018491979104064
0.00036983958208127
4.6229947760159E-5
9.2459895520318E-5
9.2459895520318E-5
0.00018491979104064
0.00027737968656095
0.00050852942536175
0.00050852942536175
0.00018491979104064
0.0002311497388008
4.6229947760159E-5
0.00027737968656095
9.2459895520318E-5
4.6229947760159E-5
9.2459895520318E-5
0.0002311497388008
0.00055475937312191
0.00027737968656095
0.00050852942536175
9.2459895520318E-5
9.2459895520318E-5
4.6229947760159E-5
9.2459895520318E-5
0.00027737968656095
0.0011095187462438
9.2459895520318E-5
0.00018491979104064
0.00018491979104064
9.2459895520318E-5
9.2459895520318E-5
9.2459895520318E-5
9.2459895520318E-5
0.00027737968656095
0.00046229947760159
0.00060098932088207
0.00032360963432111
0.0010632887984837
0.0002311497388008
0.00013868984328048
0.0010170588507235
0.0010632887984837
0.0002311497388008
9.2459895520318E-5
4.6229947760159E-5
4.6229947760159E-5
0.00018491979104064
4.6229947760159E-5
0.00027737968656095
0.00064721926864223
0.00041606952984143
0.00027737968656095
4.6229947760159E-5
4.6229947760159E-5
9.2459895520318E-5
0.00013868984328048
9.2459895520318E-5
0.0012019786417641
0.0012019786417641
0.00032360963432111
0.00032360963432111
0.00018491979104064
0.00018491979104064
0.00032360963432111
9.2459895520318E-5
9.2459895520318E-5
9.2459895520318E-5
0.00013868984328048
9.2459895520318E-5
9.2459895520318E-5
0.00013868984328048
9.2459895520318E-5
9.2459895520318E-5
0.00036983958208127
0.00027737968656095
0.00032360963432111
0.0002311497388008
0.00018491979104064
0.00032360963432111
4.6229947760159E-5
9.2459895520318E-5
0.00018491979104064
0.00018491979104064
0.00013868984328048
4.6229947760159E-5
0.00013868984328048
0.0002311497388008
0.00027737968656095
9.2459895520318E-5
9.2459895520318E-5
0.0002311497388008
0.00041606952984143
0.00046229947760159
9.2459895520318E-5
0.00013868984328048
9.2459895520318E-5
0.0002311497388008
9.2459895520318E-5
4.6229947760159E-5
0.0012019786417641
4.6229947760159E-5
4.6229947760159E-5
4.6229947760159E-5
0.00013868984328048
4.6229947760159E-5
4.6229947760159E-5
9.2459895520318E-5
0.00055475937312191
0.00032360963432111
9.2459895520318E-5
9.2459895520318E-5
0.00046229947760159
0.00018491979104064
9.2459895520318E-5
0.00050852942536175
0.00046229947760159
0.00041606952984143
0.00018491979104064
0.0002311497388008
0.00032360963432111
9.2459895520318E-5
0.00027737968656095
0.00036983958208127
0.0002311497388008
9.2459895520318E-5
9.2459895520318E-5
0.0002311497388008
0.00018491979104064
0.00050852942536175
9.2459895520318E-5
0.00018491979104064
9.2459895520318E-5
9.2459895520318E-5
9.2459895520318E-5
9.2459895520318E-5
0.00027737968656095
0.0002311497388008
9.2459895520318E-5
0.00032360963432111
0.0002311497388008
0.00036983958208127
0.00013868984328048
9.2459895520318E-5
0.00069344921640239
0.00036983958208127
9.2459895520318E-5
0.00013868984328048
0.0016180481716056
0.00013868984328048
0.00013868984328048
9.2459895520318E-5
9.2459895520318E-5
9.2459895520318E-5
0.00055475937312191
0.00064721926864223
9.2459895520318E-5
9.2459895520318E-5
0.00013868984328048
0.00032360963432111
9.2459895520318E-5
9.2459895520318E-5
0.0002311497388008
0.00013868984328048
0.00032360963432111
0.0002311497388008
9.2459895520318E-5
0.0002311497388008
9.2459895520318E-5
9.2459895520318E-5
0.00013868984328048
0.00013868984328048
0.0002311497388008
0.00027737968656095
9.2459895520318E-5
9.2459895520318E-5
0.00027737968656095
9.2459895520318E-5
0.00050852942536175
9.2459895520318E-5
0.00013868984328048
0.0002311497388008
9.2459895520318E-5
9.2459895520318E-5
0.00050852942536175
9.2459895520318E-5
9.2459895520318E-5
4.6229947760159E-5
9.2459895520318E-5
0.00064721926864223
0.00032360963432111
0.00013868984328048
0.00036983958208127
9.2459895520318E-5
9.2459895520318E-5
9.2459895520318E-5
9.2459895520318E-5
9.2459895520318E-5
9.2459895520318E-5
0.00032360963432111
0.0002311497388008
9.2459895520318E-5
0.00013868984328048
0.00041606952984143
0.00027737968656095
0.0002311497388008
9.2459895520318E-5
9.2459895520318E-5
0.00013868984328048
9.2459895520318E-5
0.00013868984328048
0.00018491979104064
9.2459895520318E-5
9.2459895520318E-5
0.00050852942536175
0.00013868984328048
0.0007859091119227
9.2459895520318E-5
0.00018491979104064
9.2459895520318E-5
0.00018491979104064
0.00013868984328048
9.2459895520318E-5
0.0002311497388008
0.0002311497388008
0.00013868984328048
0.00027737968656095
0.0002311497388008
9.2459895520318E-5
0.00013868984328048
0.00018491979104064
9.2459895520318E-5
9.2459895520318E-5
0.00050852942536175
0.0002311497388008
0.00027737968656095
9.2459895520318E-5
0.00069344921640239
0.0023577273357681
9.2459895520318E-5
9.2459895520318E-5
0.0002311497388008
0.0018954278581665
0.00050852942536175
0.00032360963432111
9.2459895520318E-5
0.00032360963432111
0.00013868984328048
0.0002311497388008
9.2459895520318E-5
0.0002311497388008
0.0012944385372845
0.0002311497388008
9.2459895520318E-5
9.2459895520318E-5
0.00046229947760159
0.0002311497388008
0.00032360963432111
0.00073967916416254
0.00013868984328048
0.00050852942536175
0.0002311497388008
9.2459895520318E-5
9.2459895520318E-5
0.00050852942536175
4.6229947760159E-5
4.6229947760159E-5
4.6229947760159E-5
4.6229947760159E-5
4.6229947760159E-5
0.00055475937312191
9.2459895520318E-5
9.2459895520318E-5
9.2459895520318E-5
9.2459895520318E-5
0.00018491979104064
9.2459895520318E-5
9.2459895520318E-5
0.00013868984328048
0.00018491979104064
4.6229947760159E-5
0.00036983958208127
0.0002311497388008
0.00050852942536175
0.00013868984328048
4.6229947760159E-5
0.00013868984328048
4.6229947760159E-5
4.6229947760159E-5
4.6229947760159E-5
0.0002311497388008
9.2459895520318E-5
9.2459895520318E-5
0.00032360963432111
9.2459895520318E-5
0.0002311497388008
0.00032360963432111
9.2459895520318E-5
9.2459895520318E-5
9.2459895520318E-5
9.2459895520318E-5
9.2459895520318E-5
9.2459895520318E-5
0.00013868984328048
0.00018491979104064
9.2459895520318E-5
9.2459895520318E-5
0.00013868984328048
4.6229947760159E-5
4.6229947760159E-5
4.6229947760159E-5
9.2459895520318E-5
9.2459895520318E-5
9.2459895520318E-5
9.2459895520318E-5
9.2459895520318E-5
0.00027737968656095
0.00032360963432111
0.0002311497388008
4.6229947760159E-5
9.2459895520318E-5
9.2459895520318E-5
9.2459895520318E-5
0.00036983958208127
4.6229947760159E-5
0.00013868984328048
9.2459895520318E-5
0.0002311497388008
0.00018491979104064
4.6229947760159E-5
4.6229947760159E-5
4.6229947760159E-5
4.6229947760159E-5
9.2459895520318E-5
0.00013868984328048
0.00013868984328048
0.00027737968656095
9.2459895520318E-5
4.6229947760159E-5
4.6229947760159E-5
9.2459895520318E-5
9.2459895520318E-5
0.00013868984328048
0.00013868984328048
9.2459895520318E-5
0.00018491979104064
0.00013868984328048
0.00027737968656095
0.00036983958208127
9.2459895520318E-5
0.00013868984328048
4.6229947760159E-5
0.0002311497388008
4.6229947760159E-5
9.2459895520318E-5
9.2459895520318E-5
0.00018491979104064
0.00018491979104064
0.00036983958208127
9.2459895520318E-5
0.00013868984328048
0.00013868984328048
9.2459895520318E-5
9.2459895520318E-5
4.6229947760159E-5
9.2459895520318E-5
0.00013868984328048
4.6229947760159E-5
4.6229947760159E-5
4.6229947760159E-5
4.6229947760159E-5
4.6229947760159E-5
9.2459895520318E-5
4.6229947760159E-5
4.6229947760159E-5
9.2459895520318E-5
0.00013868984328048
9.2459895520318E-5
9.2459895520318E-5
9.2459895520318E-5
0.00018491979104064
0.00018491979104064
0.00013868984328048
0.00018491979104064
9.2459895520318E-5
0.0002311497388008
0.00018491979104064
9.2459895520318E-5
0.00027737968656095
0.00018491979104064
4.6229947760159E-5
0.0002311497388008
0.00018491979104064
4.6229947760159E-5
9.2459895520318E-5
9.2459895520318E-5
0.0002311497388008
0.0002311497388008
0.00032360963432111
0.00013868984328048
0.00013868984328048
9.2459895520318E-5
9.2459895520318E-5
9.2459895520318E-5
0.00013868984328048
9.2459895520318E-5
0.00013868984328048
4.6229947760159E-5
0.00013868984328048
9.2459895520318E-5
9.2459895520318E-5
9.2459895520318E-5
0.00013868984328048
4.6229947760159E-5
9.2459895520318E-5
4.6229947760159E-5
9.2459895520318E-5
9.2459895520318E-5
4.6229947760159E-5
0.00018491979104064
0.00013868984328048
4.6229947760159E-5
9.2459895520318E-5
9.2459895520318E-5
9.2459895520318E-5
0.00018491979104064
0.00013868984328048
9.2459895520318E-5
0.00013868984328048
9.2459895520318E-5
0.00018491979104064
0.0002311497388008
0.00013868984328048
9.2459895520318E-5
9.2459895520318E-5
0.00018491979104064
9.2459895520318E-5
9.2459895520318E-5
9.2459895520318E-5
9.2459895520318E-5
4.6229947760159E-5
0.00083213905968286
0.00013868984328048
4.6229947760159E-5
9.2459895520318E-5
0.0002311497388008
0.0002311497388008
0.00013868984328048
0.00018491979104064
9.2459895520318E-5
0.0002311497388008
0.00013868984328048
9.2459895520318E-5
9.2459895520318E-5
9.2459895520318E-5
9.2459895520318E-5
0.00018491979104064
9.2459895520318E-5
0.00018491979104064
0.00018491979104064
0.00013868984328048
9.2459895520318E-5
9.2459895520318E-5
9.2459895520318E-5
0.0012482085895243
0.00013868984328048
9.2459895520318E-5
9.2459895520318E-5
0.0002311497388008
9.2459895520318E-5
9.2459895520318E-5
4.6229947760159E-5
4.6229947760159E-5
4.6229947760159E-5
9.2459895520318E-5
0.00018491979104064
9.2459895520318E-5
0.00018491979104064
9.2459895520318E-5
0.00013868984328048
0.0002311497388008
4.6229947760159E-5
9.2459895520318E-5
9.2459895520318E-5
9.2459895520318E-5
0.0002311497388008
4.6229947760159E-5
0.0002311497388008
0.00064721926864223
9.2459895520318E-5
9.2459895520318E-5
9.2459895520318E-5
9.2459895520318E-5
9.2459895520318E-5
9.2459895520318E-5
9.2459895520318E-5
4.6229947760159E-5
9.2459895520318E-5
4.6229947760159E-5
9.2459895520318E-5
9.2459895520318E-5
9.2459895520318E-5
9.2459895520318E-5
9.2459895520318E-5
0.00018491979104064
0.00013868984328048
9.2459895520318E-5
9.2459895520318E-5
0.00013868984328048
0.00013868984328048
4.6229947760159E-5
4.6229947760159E-5
4.6229947760159E-5
9.2459895520318E-5
0.00018491979104064
4.6229947760159E-5
4.6229947760159E-5
4.6229947760159E-5
4.6229947760159E-5
4.6229947760159E-5
9.2459895520318E-5
0.00013868984328048
4.6229947760159E-5
4.6229947760159E-5
4.6229947760159E-5
4.6229947760159E-5
4.6229947760159E-5
4.6229947760159E-5
4.6229947760159E-5
0.0002311497388008
0.00027737968656095
0.00013868984328048
4.6229947760159E-5
0.00018491979104064
4.6229947760159E-5
4.6229947760159E-5
9.2459895520318E-5
9.2459895520318E-5
0.00013868984328048
4.6229947760159E-5
9.2459895520318E-5
9.2459895520318E-5
0.00013868984328048
0.0013406684850446
9.2459895520318E-5
0.00032360963432111
9.2459895520318E-5
0.00041606952984143
0.00013868984328048
9.2459895520318E-5
9.2459895520318E-5
9.2459895520318E-5
9.2459895520318E-5
9.2459895520318E-5
4.6229947760159E-5
4.6229947760159E-5
0.00013868984328048
4.6229947760159E-5
4.6229947760159E-5
0.00013868984328048
0.00013868984328048
9.2459895520318E-5
4.6229947760159E-5
4.6229947760159E-5
9.2459895520318E-5
4.6229947760159E-5
9.2459895520318E-5
9.2459895520318E-5
4.6229947760159E-5
0.00018491979104064
0.00013868984328048
0.00013868984328048
0.00013868984328048
9.2459895520318E-5
9.2459895520318E-5
9.2459895520318E-5
0.00018491979104064
0.00013868984328048
0.00013868984328048
9.2459895520318E-5
9.2459895520318E-5
9.2459895520318E-5
9.2459895520318E-5
9.2459895520318E-5
0.00013868984328048
9.2459895520318E-5
9.2459895520318E-5
9.2459895520318E-5
0.00013868984328048
0.00018491979104064
0.00013868984328048
0.00027737968656095
9.2459895520318E-5
0.00018491979104064
0.00013868984328048
0.00013868984328048
0.00013868984328048
9.2459895520318E-5
9.2459895520318E-5
0.00018491979104064
9.2459895520318E-5
0.00013868984328048
9.2459895520318E-5
0.0002311497388008
0.0002311497388008
9.2459895520318E-5
0.00013868984328048
0.0002311497388008
9.2459895520318E-5
0.00027737968656095
9.2459895520318E-5
9.2459895520318E-5
9.2459895520318E-5
0.00027737968656095
0.00018491979104064
0.0002311497388008
9.2459895520318E-5
0.00036983958208127
4.6229947760159E-5
9.2459895520318E-5
9.2459895520318E-5
9.2459895520318E-5
0.00018491979104064
9.2459895520318E-5
0.00027737968656095
0.00013868984328048
9.2459895520318E-5
9.2459895520318E-5
0.00013868984328048
9.2459895520318E-5
9.2459895520318E-5
9.2459895520318E-5
9.2459895520318E-5
9.2459895520318E-5
0.00018491979104064
4.6229947760159E-5
4.6229947760159E-5
4.6229947760159E-5
9.2459895520318E-5
0.00013868984328048
9.2459895520318E-5
0.00013868984328048
0.00013868984328048
0.00036983958208127
9.2459895520318E-5
9.2459895520318E-5
4.6229947760159E-5
9.2459895520318E-5
9.2459895520318E-5
0.00013868984328048
9.2459895520318E-5
0.00013868984328048
0.00013868984328048
0.00018491979104064
9.2459895520318E-5
9.2459895520318E-5
9.2459895520318E-5
0.00013868984328048
0.00013868984328048
9.2459895520318E-5
9.2459895520318E-5
0.00013868984328048
0.00073967916416254
9.2459895520318E-5
9.2459895520318E-5
9.2459895520318E-5
0.00027737968656095
0.00032360963432111
9.2459895520318E-5
9.2459895520318E-5
9.2459895520318E-5
9.2459895520318E-5
9.2459895520318E-5
9.2459895520318E-5
0.00013868984328048
9.2459895520318E-5
0.00013868984328048
4.6229947760159E-5
4.6229947760159E-5
9.2459895520318E-5
9.2459895520318E-5
9.2459895520318E-5
9.2459895520318E-5
0.00013868984328048
9.2459895520318E-5
4.6229947760159E-5
9.2459895520318E-5
0.00013868984328048
4.6229947760159E-5
4.6229947760159E-5
0.0002311497388008
0.00013868984328048
0.00013868984328048
0.00013868984328048
4.6229947760159E-5
9.2459895520318E-5
9.2459895520318E-5
9.2459895520318E-5
0.00027737968656095
0.0002311497388008
9.2459895520318E-5
9.2459895520318E-5
4.6229947760159E-5
9.2459895520318E-5
4.6229947760159E-5
4.6229947760159E-5
4.6229947760159E-5
4.6229947760159E-5
4.6229947760159E-5
0.00013868984328048
0.00013868984328048
4.6229947760159E-5
4.6229947760159E-5
9.2459895520318E-5
9.2459895520318E-5
9.2459895520318E-5
0.00013868984328048
9.2459895520318E-5
4.6229947760159E-5
9.2459895520318E-5
9.2459895520318E-5
0.00013868984328048
9.2459895520318E-5
9.2459895520318E-5
9.2459895520318E-5
9.2459895520318E-5
9.2459895520318E-5
4.6229947760159E-5
9.2459895520318E-5
0.00013868984328048
9.2459895520318E-5
9.2459895520318E-5
4.6229947760159E-5
0.00032360963432111
0.00018491979104064
4.6229947760159E-5
0.00013868984328048
4.6229947760159E-5
4.6229947760159E-5
4.6229947760159E-5
4.6229947760159E-5
0.00013868984328048
4.6229947760159E-5
4.6229947760159E-5
4.6229947760159E-5
4.6229947760159E-5
4.6229947760159E-5
9.2459895520318E-5
0.00018491979104064
9.2459895520318E-5
0.00018491979104064
0.00013868984328048
9.2459895520318E-5
0.00018491979104064
9.2459895520318E-5
0.00013868984328048
0.00018491979104064
9.2459895520318E-5
9.2459895520318E-5
4.6229947760159E-5
9.2459895520318E-5
4.6229947760159E-5
9.2459895520318E-5
4.6229947760159E-5
4.6229947760159E-5
9.2459895520318E-5
0.00018491979104064
0.00013868984328048
4.6229947760159E-5
9.2459895520318E-5
4.6229947760159E-5
4.6229947760159E-5
4.6229947760159E-5
4.6229947760159E-5
0.00018491979104064
4.6229947760159E-5
4.6229947760159E-5
9.2459895520318E-5
9.2459895520318E-5
9.2459895520318E-5
9.2459895520318E-5
9.2459895520318E-5
9.2459895520318E-5
9.2459895520318E-5
0.0002311497388008
9.2459895520318E-5
4.6229947760159E-5
4.6229947760159E-5
4.6229947760159E-5
9.2459895520318E-5
0.00013868984328048
9.2459895520318E-5
4.6229947760159E-5
4.6229947760159E-5
9.2459895520318E-5
0.00013868984328048
4.6229947760159E-5
9.2459895520318E-5
9.2459895520318E-5
4.6229947760159E-5
9.2459895520318E-5
9.2459895520318E-5
9.2459895520318E-5
4.6229947760159E-5
0.00018491979104064
9.2459895520318E-5
4.6229947760159E-5
9.2459895520318E-5
4.6229947760159E-5
4.6229947760159E-5
4.6229947760159E-5
4.6229947760159E-5
9.2459895520318E-5
9.2459895520318E-5
9.2459895520318E-5
9.2459895520318E-5
9.2459895520318E-5
9.2459895520318E-5
9.2459895520318E-5
9.2459895520318E-5
9.2459895520318E-5
4.6229947760159E-5
4.6229947760159E-5
0.00013868984328048
9.2459895520318E-5
0.00018491979104064
9.2459895520318E-5
0.00013868984328048
0.00013868984328048
9.2459895520318E-5
9.2459895520318E-5
9.2459895520318E-5
9.2459895520318E-5
4.6229947760159E-5
4.6229947760159E-5
4.6229947760159E-5
9.2459895520318E-5
9.2459895520318E-5
9.2459895520318E-5
0.00018491979104064
9.2459895520318E-5
0.00013868984328048
9.2459895520318E-5
9.2459895520318E-5
9.2459895520318E-5
9.2459895520318E-5
9.2459895520318E-5
9.2459895520318E-5
9.2459895520318E-5
4.6229947760159E-5
4.6229947760159E-5
4.6229947760159E-5
4.6229947760159E-5
9.2459895520318E-5
9.2459895520318E-5
9.2459895520318E-5
9.2459895520318E-5
4.6229947760159E-5
4.6229947760159E-5
4.6229947760159E-5
0.00013868984328048
9.2459895520318E-5
9.2459895520318E-5
0.00013868984328048
4.6229947760159E-5
9.2459895520318E-5
4.6229947760159E-5
4.6229947760159E-5
4.6229947760159E-5
9.2459895520318E-5
9.2459895520318E-5
0.00013868984328048
9.2459895520318E-5
9.2459895520318E-5
9.2459895520318E-5
4.6229947760159E-5
9.2459895520318E-5
4.6229947760159E-5
4.6229947760159E-5
4.6229947760159E-5
9.2459895520318E-5
4.6229947760159E-5
4.6229947760159E-5
4.6229947760159E-5
9.2459895520318E-5
9.2459895520318E-5
0.00013868984328048
9.2459895520318E-5
0.00013868984328048
9.2459895520318E-5
9.2459895520318E-5
0.00013868984328048
9.2459895520318E-5
9.2459895520318E-5
9.2459895520318E-5
9.2459895520318E-5
4.6229947760159E-5
9.2459895520318E-5
4.6229947760159E-5
4.6229947760159E-5
4.6229947760159E-5
4.6229947760159E-5
4.6229947760159E-5
4.6229947760159E-5
4.6229947760159E-5
4.6229947760159E-5
4.6229947760159E-5
4.6229947760159E-5
4.6229947760159E-5
4.6229947760159E-5
4.6229947760159E-5
4.6229947760159E-5
4.6229947760159E-5
4.6229947760159E-5
4.6229947760159E-5
4.6229947760159E-5
4.6229947760159E-5
4.6229947760159E-5
4.6229947760159E-5
4.6229947760159E-5
4.6229947760159E-5
4.6229947760159E-5
4.6229947760159E-5
4.6229947760159E-5
4.6229947760159E-5
0.00013868984328048
4.6229947760159E-5
9.2459895520318E-5
9.2459895520318E-5
9.2459895520318E-5
9.2459895520318E-5
9.2459895520318E-5
0.0035134760297721
0.00018491979104064
9.2459895520318E-5
9.2459895520318E-5
9.2459895520318E-5
9.2459895520318E-5
9.2459895520318E-5
9.2459895520318E-5
9.2459895520318E-5
9.2459895520318E-5
9.2459895520318E-5
0.00018491979104064
0.00018491979104064
0.00018491979104064
9.2459895520318E-5
0.00013868984328048
0.00013868984328048
9.2459895520318E-5
9.2459895520318E-5
9.2459895520318E-5
9.2459895520318E-5
4.6229947760159E-5
4.6229947760159E-5
9.2459895520318E-5
0.00013868984328048
4.6229947760159E-5
9.2459895520318E-5
0.00018491979104064
9.2459895520318E-5
0.00013868984328048
0.00013868984328048
0.00018491979104064
0.00013868984328048
0.00013868984328048
9.2459895520318E-5
9.2459895520318E-5
9.2459895520318E-5
9.2459895520318E-5
9.2459895520318E-5
9.2459895520318E-5
9.2459895520318E-5
9.2459895520318E-5
9.2459895520318E-5
9.2459895520318E-5
0.00013868984328048
9.2459895520318E-5
0.00013868984328048
9.2459895520318E-5
9.2459895520318E-5
9.2459895520318E-5
0.00013868984328048
9.2459895520318E-5
9.2459895520318E-5
9.2459895520318E-5
0.00013868984328048
4.6229947760159E-5
0.00013868984328048
4.6229947760159E-5
0.00018491979104064
0.00018491979104064
0.00013868984328048
0.00013868984328048
9.2459895520318E-5
9.2459895520318E-5
9.2459895520318E-5
0.00018491979104064
0.00013868984328048
0.00018491979104064
9.2459895520318E-5
9.2459895520318E-5
9.2459895520318E-5
9.2459895520318E-5
9.2459895520318E-5
0.00013868984328048
9.2459895520318E-5
9.2459895520318E-5
9.2459895520318E-5
9.2459895520318E-5
9.2459895520318E-5
9.2459895520318E-5
9.2459895520318E-5
9.2459895520318E-5
9.2459895520318E-5
9.2459895520318E-5
0.00013868984328048
4.6229947760159E-5
4.6229947760159E-5
9.2459895520318E-5
0.00013868984328048
0.00027737968656095
9.2459895520318E-5
4.6229947760159E-5
9.2459895520318E-5
4.6229947760159E-5
0.00013868984328048
9.2459895520318E-5
9.2459895520318E-5
9.2459895520318E-5
9.2459895520318E-5
4.6229947760159E-5
4.6229947760159E-5
9.2459895520318E-5
9.2459895520318E-5
9.2459895520318E-5
0.00013868984328048
4.6229947760159E-5
9.2459895520318E-5
0.00013868984328048
9.2459895520318E-5
9.2459895520318E-5
0.00018491979104064
9.2459895520318E-5
9.2459895520318E-5
9.2459895520318E-5
9.2459895520318E-5
9.2459895520318E-5
9.2459895520318E-5
9.2459895520318E-5
9.2459895520318E-5
9.2459895520318E-5
9.2459895520318E-5
9.2459895520318E-5
9.2459895520318E-5
4.6229947760159E-5
4.6229947760159E-5
4.6229947760159E-5
9.2459895520318E-5
0.00013868984328048
9.2459895520318E-5
9.2459895520318E-5
9.2459895520318E-5
0.00013868984328048
9.2459895520318E-5
9.2459895520318E-5
9.2459895520318E-5
9.2459895520318E-5
9.2459895520318E-5
4.6229947760159E-5
0.00013868984328048
9.2459895520318E-5
9.2459895520318E-5
4.6229947760159E-5
0.0002311497388008
9.2459895520318E-5
0.00013868984328048
9.2459895520318E-5
9.2459895520318E-5
9.2459895520318E-5
9.2459895520318E-5
9.2459895520318E-5
9.2459895520318E-5
9.2459895520318E-5
9.2459895520318E-5
9.2459895520318E-5
9.2459895520318E-5
9.2459895520318E-5
9.2459895520318E-5
9.2459895520318E-5
0.00013868984328048
9.2459895520318E-5
9.2459895520318E-5
9.2459895520318E-5
9.2459895520318E-5
9.2459895520318E-5
0.00013868984328048
9.2459895520318E-5
9.2459895520318E-5
9.2459895520318E-5
9.2459895520318E-5
9.2459895520318E-5
9.2459895520318E-5
9.2459895520318E-5
9.2459895520318E-5
9.2459895520318E-5
9.2459895520318E-5
9.2459895520318E-5
9.2459895520318E-5
0.00013868984328048
9.2459895520318E-5
9.2459895520318E-5
9.2459895520318E-5
9.2459895520318E-5
9.2459895520318E-5
9.2459895520318E-5
9.2459895520318E-5
9.2459895520318E-5
9.2459895520318E-5
0.00013868984328048
9.2459895520318E-5
0.00018491979104064
0.00013868984328048
0.00013868984328048
0.00013868984328048
4.6229947760159E-5
0.00013868984328048
9.2459895520318E-5
0.00013868984328048
9.2459895520318E-5
9.2459895520318E-5
9.2459895520318E-5
9.2459895520318E-5
0.00013868984328048
9.2459895520318E-5
9.2459895520318E-5
9.2459895520318E-5
9.2459895520318E-5
9.2459895520318E-5
9.2459895520318E-5
9.2459895520318E-5
9.2459895520318E-5
4.6229947760159E-5
9.2459895520318E-5
0.00013868984328048
4.6229947760159E-5
9.2459895520318E-5
9.2459895520318E-5
4.6229947760159E-5
9.2459895520318E-5
9.2459895520318E-5
9.2459895520318E-5
4.6229947760159E-5
4.6229947760159E-5
0.00018491979104064
9.2459895520318E-5
4.6229947760159E-5
4.6229947760159E-5
4.6229947760159E-5
9.2459895520318E-5
9.2459895520318E-5
9.2459895520318E-5
4.6229947760159E-5
9.2459895520318E-5
9.2459895520318E-5
9.2459895520318E-5
4.6229947760159E-5
9.2459895520318E-5
4.6229947760159E-5
4.6229947760159E-5
4.6229947760159E-5
4.6229947760159E-5
4.6229947760159E-5
9.2459895520318E-5
9.2459895520318E-5
4.6229947760159E-5
4.6229947760159E-5
4.6229947760159E-5
0.00013868984328048
4.6229947760159E-5
4.6229947760159E-5
4.6229947760159E-5
4.6229947760159E-5
4.6229947760159E-5
9.2459895520318E-5
9.2459895520318E-5
9.2459895520318E-5
4.6229947760159E-5
4.6229947760159E-5
4.6229947760159E-5
4.6229947760159E-5
4.6229947760159E-5
9.2459895520318E-5
4.6229947760159E-5
9.2459895520318E-5
9.2459895520318E-5
9.2459895520318E-5
9.2459895520318E-5
9.2459895520318E-5
9.2459895520318E-5
9.2459895520318E-5
9.2459895520318E-5
9.2459895520318E-5
0.00013868984328048
9.2459895520318E-5
0.00013868984328048
4.6229947760159E-5
4.6229947760159E-5
9.2459895520318E-5
9.2459895520318E-5
9.2459895520318E-5
4.6229947760159E-5
4.6229947760159E-5
4.6229947760159E-5
9.2459895520318E-5
4.6229947760159E-5
4.6229947760159E-5
9.2459895520318E-5
9.2459895520318E-5
4.6229947760159E-5
4.6229947760159E-5
4.6229947760159E-5
9.2459895520318E-5
0.00013868984328048
9.2459895520318E-5
9.2459895520318E-5
9.2459895520318E-5
4.6229947760159E-5
4.6229947760159E-5
4.6229947760159E-5
4.6229947760159E-5
9.2459895520318E-5
4.6229947760159E-5
9.2459895520318E-5
9.2459895520318E-5
4.6229947760159E-5
9.2459895520318E-5
9.2459895520318E-5
9.2459895520318E-5
9.2459895520318E-5
9.2459895520318E-5
9.2459895520318E-5
9.2459895520318E-5
4.6229947760159E-5
4.6229947760159E-5
4.6229947760159E-5
4.6229947760159E-5
4.6229947760159E-5
4.6229947760159E-5
4.6229947760159E-5
4.6229947760159E-5
4.6229947760159E-5
4.6229947760159E-5
4.6229947760159E-5
4.6229947760159E-5
4.6229947760159E-5
4.6229947760159E-5
4.6229947760159E-5
4.6229947760159E-5
4.6229947760159E-5
4.6229947760159E-5
4.6229947760159E-5
4.6229947760159E-5
4.6229947760159E-5
4.6229947760159E-5
4.6229947760159E-5
4.6229947760159E-5
4.6229947760159E-5
4.6229947760159E-5
4.6229947760159E-5
4.6229947760159E-5
4.6229947760159E-5
4.6229947760159E-5
4.6229947760159E-5
4.6229947760159E-5
4.6229947760159E-5
4.6229947760159E-5
4.6229947760159E-5
4.6229947760159E-5
4.6229947760159E-5
4.6229947760159E-5
4.6229947760159E-5
4.6229947760159E-5
4.6229947760159E-5
4.6229947760159E-5
4.6229947760159E-5
4.6229947760159E-5
4.6229947760159E-5
4.6229947760159E-5
4.6229947760159E-5
4.6229947760159E-5
4.6229947760159E-5
4.6229947760159E-5
4.6229947760159E-5
4.6229947760159E-5
4.6229947760159E-5
4.6229947760159E-5
4.6229947760159E-5
4.6229947760159E-5
4.6229947760159E-5
4.6229947760159E-5
4.6229947760159E-5
4.6229947760159E-5
4.6229947760159E-5
4.6229947760159E-5
4.6229947760159E-5
4.6229947760159E-5
4.6229947760159E-5
4.6229947760159E-5
4.6229947760159E-5
4.6229947760159E-5
4.6229947760159E-5
4.6229947760159E-5
4.6229947760159E-5
4.6229947760159E-5
4.6229947760159E-5
4.6229947760159E-5
4.6229947760159E-5
4.6229947760159E-5
4.6229947760159E-5
4.6229947760159E-5
4.6229947760159E-5
4.6229947760159E-5
4.6229947760159E-5
4.6229947760159E-5
4.6229947760159E-5
4.6229947760159E-5
4.6229947760159E-5
4.6229947760159E-5
4.6229947760159E-5
4.6229947760159E-5
4.6229947760159E-5
4.6229947760159E-5
4.6229947760159E-5
4.6229947760159E-5
4.6229947760159E-5
4.6229947760159E-5
4.6229947760159E-5
4.6229947760159E-5
4.6229947760159E-5
4.6229947760159E-5
4.6229947760159E-5
4.6229947760159E-5
4.6229947760159E-5
4.6229947760159E-5
4.6229947760159E-5
4.6229947760159E-5
4.6229947760159E-5
4.6229947760159E-5
4.6229947760159E-5
4.6229947760159E-5
4.6229947760159E-5
4.6229947760159E-5
4.6229947760159E-5
4.6229947760159E-5
4.6229947760159E-5
4.6229947760159E-5
4.6229947760159E-5
4.6229947760159E-5
4.6229947760159E-5
4.6229947760159E-5
4.6229947760159E-5
4.6229947760159E-5
4.6229947760159E-5
4.6229947760159E-5
4.6229947760159E-5
4.6229947760159E-5
4.6229947760159E-5
4.6229947760159E-5
4.6229947760159E-5
4.6229947760159E-5
4.6229947760159E-5
4.6229947760159E-5
4.6229947760159E-5
4.6229947760159E-5
4.6229947760159E-5
4.6229947760159E-5
4.6229947760159E-5
4.6229947760159E-5
4.6229947760159E-5
4.6229947760159E-5
4.6229947760159E-5
4.6229947760159E-5
4.6229947760159E-5
4.6229947760159E-5
4.6229947760159E-5
4.6229947760159E-5
4.6229947760159E-5
4.6229947760159E-5
4.6229947760159E-5
4.6229947760159E-5
4.6229947760159E-5
4.6229947760159E-5
4.6229947760159E-5
4.6229947760159E-5
4.6229947760159E-5
4.6229947760159E-5
4.6229947760159E-5
4.6229947760159E-5
4.6229947760159E-5
4.6229947760159E-5
4.6229947760159E-5
4.6229947760159E-5
4.6229947760159E-5
4.6229947760159E-5
4.6229947760159E-5
4.6229947760159E-5
4.6229947760159E-5
4.6229947760159E-5
4.6229947760159E-5
4.6229947760159E-5
4.6229947760159E-5
4.6229947760159E-5
4.6229947760159E-5
4.6229947760159E-5
4.6229947760159E-5
4.6229947760159E-5
4.6229947760159E-5
4.6229947760159E-5
4.6229947760159E-5
4.6229947760159E-5
4.6229947760159E-5
4.6229947760159E-5
4.6229947760159E-5
4.6229947760159E-5
4.6229947760159E-5
4.6229947760159E-5
4.6229947760159E-5
4.6229947760159E-5
4.6229947760159E-5
4.6229947760159E-5
4.6229947760159E-5
4.6229947760159E-5
4.6229947760159E-5
4.6229947760159E-5
4.6229947760159E-5
4.6229947760159E-5
4.6229947760159E-5
4.6229947760159E-5
4.6229947760159E-5
4.6229947760159E-5
4.6229947760159E-5
4.6229947760159E-5
4.6229947760159E-5
4.6229947760159E-5
4.6229947760159E-5
4.6229947760159E-5
4.6229947760159E-5
4.6229947760159E-5
4.6229947760159E-5
4.6229947760159E-5
4.6229947760159E-5
4.6229947760159E-5
4.6229947760159E-5
4.6229947760159E-5
4.6229947760159E-5
4.6229947760159E-5
4.6229947760159E-5
4.6229947760159E-5
4.6229947760159E-5
4.6229947760159E-5
4.6229947760159E-5
4.6229947760159E-5
4.6229947760159E-5
4.6229947760159E-5
4.6229947760159E-5
4.6229947760159E-5
4.6229947760159E-5
4.6229947760159E-5
4.6229947760159E-5
4.6229947760159E-5
4.6229947760159E-5
4.6229947760159E-5
4.6229947760159E-5
4.6229947760159E-5
4.6229947760159E-5
4.6229947760159E-5
4.6229947760159E-5
4.6229947760159E-5
4.6229947760159E-5
4.6229947760159E-5
4.6229947760159E-5
4.6229947760159E-5
4.6229947760159E-5
4.6229947760159E-5
4.6229947760159E-5
4.6229947760159E-5
4.6229947760159E-5
4.6229947760159E-5
4.6229947760159E-5
4.6229947760159E-5
4.6229947760159E-5
4.6229947760159E-5
4.6229947760159E-5
4.6229947760159E-5
4.6229947760159E-5
4.6229947760159E-5
4.6229947760159E-5
4.6229947760159E-5
4.6229947760159E-5
4.6229947760159E-5
4.6229947760159E-5
4.6229947760159E-5
4.6229947760159E-5
4.6229947760159E-5
4.6229947760159E-5
4.6229947760159E-5
4.6229947760159E-5
4.6229947760159E-5
4.6229947760159E-5
4.6229947760159E-5
4.6229947760159E-5
4.6229947760159E-5
4.6229947760159E-5
4.6229947760159E-5
4.6229947760159E-5
4.6229947760159E-5
4.6229947760159E-5
4.6229947760159E-5
4.6229947760159E-5
4.6229947760159E-5
4.6229947760159E-5
4.6229947760159E-5
4.6229947760159E-5
4.6229947760159E-5
4.6229947760159E-5
4.6229947760159E-5
4.6229947760159E-5
4.6229947760159E-5
4.6229947760159E-5
4.6229947760159E-5
4.6229947760159E-5
4.6229947760159E-5
4.6229947760159E-5
4.6229947760159E-5
4.6229947760159E-5
4.6229947760159E-5
4.6229947760159E-5
4.6229947760159E-5
4.6229947760159E-5
4.6229947760159E-5
4.6229947760159E-5
4.6229947760159E-5
4.6229947760159E-5
4.6229947760159E-5
4.6229947760159E-5
4.6229947760159E-5
4.6229947760159E-5
4.6229947760159E-5
4.6229947760159E-5
4.6229947760159E-5
4.6229947760159E-5
4.6229947760159E-5
4.6229947760159E-5
4.6229947760159E-5
4.6229947760159E-5
4.6229947760159E-5
4.6229947760159E-5
4.6229947760159E-5
4.6229947760159E-5
4.6229947760159E-5
4.6229947760159E-5
4.6229947760159E-5
4.6229947760159E-5
4.6229947760159E-5
4.6229947760159E-5
4.6229947760159E-5
4.6229947760159E-5
4.6229947760159E-5
4.6229947760159E-5
4.6229947760159E-5
4.6229947760159E-5
4.6229947760159E-5
4.6229947760159E-5
4.6229947760159E-5
4.6229947760159E-5
4.6229947760159E-5
4.6229947760159E-5
4.6229947760159E-5
4.6229947760159E-5
4.6229947760159E-5
4.6229947760159E-5
4.6229947760159E-5
4.6229947760159E-5
4.6229947760159E-5
4.6229947760159E-5
4.6229947760159E-5
4.6229947760159E-5
4.6229947760159E-5
4.6229947760159E-5
4.6229947760159E-5
4.6229947760159E-5
4.6229947760159E-5
4.6229947760159E-5
4.6229947760159E-5
4.6229947760159E-5
4.6229947760159E-5
4.6229947760159E-5
4.6229947760159E-5
4.6229947760159E-5
4.6229947760159E-5
4.6229947760159E-5
4.6229947760159E-5
4.6229947760159E-5
4.6229947760159E-5
4.6229947760159E-5
4.6229947760159E-5
4.6229947760159E-5
4.6229947760159E-5
4.6229947760159E-5
4.6229947760159E-5
4.6229947760159E-5
4.6229947760159E-5
4.6229947760159E-5
4.6229947760159E-5
4.6229947760159E-5
4.6229947760159E-5
4.6229947760159E-5
4.6229947760159E-5
4.6229947760159E-5
4.6229947760159E-5
4.6229947760159E-5
4.6229947760159E-5
4.6229947760159E-5
4.6229947760159E-5
4.6229947760159E-5
4.6229947760159E-5
4.6229947760159E-5
4.6229947760159E-5
4.6229947760159E-5
4.6229947760159E-5
4.6229947760159E-5
4.6229947760159E-5
4.6229947760159E-5
4.6229947760159E-5
4.6229947760159E-5
4.6229947760159E-5
4.6229947760159E-5
4.6229947760159E-5
4.6229947760159E-5
4.6229947760159E-5
4.6229947760159E-5
4.6229947760159E-5
4.6229947760159E-5
4.6229947760159E-5
4.6229947760159E-5
4.6229947760159E-5
4.6229947760159E-5
4.6229947760159E-5
4.6229947760159E-5
4.6229947760159E-5
4.6229947760159E-5
4.6229947760159E-5
4.6229947760159E-5
4.6229947760159E-5
4.6229947760159E-5
4.6229947760159E-5
4.6229947760159E-5
4.6229947760159E-5
4.6229947760159E-5
4.6229947760159E-5
4.6229947760159E-5
4.6229947760159E-5
4.6229947760159E-5
4.6229947760159E-5
4.6229947760159E-5
4.6229947760159E-5
4.6229947760159E-5
4.6229947760159E-5
4.6229947760159E-5
4.6229947760159E-5
4.6229947760159E-5
4.6229947760159E-5
4.6229947760159E-5
4.6229947760159E-5
4.6229947760159E-5
4.6229947760159E-5
4.6229947760159E-5
4.6229947760159E-5
4.6229947760159E-5
4.6229947760159E-5
4.6229947760159E-5
4.6229947760159E-5
4.6229947760159E-5
4.6229947760159E-5
4.6229947760159E-5
4.6229947760159E-5
4.6229947760159E-5
4.6229947760159E-5
4.6229947760159E-5
4.6229947760159E-5
4.6229947760159E-5
4.6229947760159E-5
4.6229947760159E-5
4.6229947760159E-5
4.6229947760159E-5
4.6229947760159E-5
4.6229947760159E-5
4.6229947760159E-5
4.6229947760159E-5
4.6229947760159E-5
4.6229947760159E-5
4.6229947760159E-5
4.6229947760159E-5
4.6229947760159E-5
4.6229947760159E-5
4.6229947760159E-5
4.6229947760159E-5
4.6229947760159E-5
4.6229947760159E-5
4.6229947760159E-5
4.6229947760159E-5
4.6229947760159E-5
4.6229947760159E-5
4.6229947760159E-5
4.6229947760159E-5
4.6229947760159E-5
4.6229947760159E-5
4.6229947760159E-5
4.6229947760159E-5
4.6229947760159E-5
4.6229947760159E-5
4.6229947760159E-5
4.6229947760159E-5
4.6229947760159E-5
4.6229947760159E-5
4.6229947760159E-5
4.6229947760159E-5
4.6229947760159E-5
4.6229947760159E-5
4.6229947760159E-5
4.6229947760159E-5
4.6229947760159E-5
4.6229947760159E-5
4.6229947760159E-5
4.6229947760159E-5
4.6229947760159E-5
4.6229947760159E-5
4.6229947760159E-5
4.6229947760159E-5
4.6229947760159E-5
4.6229947760159E-5
4.6229947760159E-5
4.6229947760159E-5
4.6229947760159E-5
4.6229947760159E-5
4.6229947760159E-5
4.6229947760159E-5
4.6229947760159E-5
4.6229947760159E-5
4.6229947760159E-5
4.6229947760159E-5
4.6229947760159E-5
4.6229947760159E-5
4.6229947760159E-5
4.6229947760159E-5
4.6229947760159E-5
4.6229947760159E-5
4.6229947760159E-5
4.6229947760159E-5
4.6229947760159E-5
4.6229947760159E-5
4.6229947760159E-5
4.6229947760159E-5
4.6229947760159E-5
4.6229947760159E-5
4.6229947760159E-5
4.6229947760159E-5
4.6229947760159E-5
4.6229947760159E-5
4.6229947760159E-5
4.6229947760159E-5
4.6229947760159E-5
4.6229947760159E-5
4.6229947760159E-5
4.6229947760159E-5
4.6229947760159E-5
4.6229947760159E-5
4.6229947760159E-5
4.6229947760159E-5
4.6229947760159E-5
4.6229947760159E-5
4.6229947760159E-5
4.6229947760159E-5
4.6229947760159E-5
4.6229947760159E-5
4.6229947760159E-5
4.6229947760159E-5
4.6229947760159E-5
4.6229947760159E-5
4.6229947760159E-5
4.6229947760159E-5
4.6229947760159E-5
4.6229947760159E-5
4.6229947760159E-5
4.6229947760159E-5
4.6229947760159E-5
4.6229947760159E-5
4.6229947760159E-5
4.6229947760159E-5
4.6229947760159E-5
4.6229947760159E-5
4.6229947760159E-5
4.6229947760159E-5
4.6229947760159E-5
4.6229947760159E-5
4.6229947760159E-5
4.6229947760159E-5
4.6229947760159E-5
4.6229947760159E-5
4.6229947760159E-5
4.6229947760159E-5
4.6229947760159E-5
4.6229947760159E-5
4.6229947760159E-5
4.6229947760159E-5
4.6229947760159E-5
4.6229947760159E-5
4.6229947760159E-5
4.6229947760159E-5
4.6229947760159E-5
4.6229947760159E-5
4.6229947760159E-5
4.6229947760159E-5
4.6229947760159E-5
4.6229947760159E-5
4.6229947760159E-5
4.6229947760159E-5
4.6229947760159E-5
4.6229947760159E-5
4.6229947760159E-5
4.6229947760159E-5
4.6229947760159E-5
4.6229947760159E-5
4.6229947760159E-5
4.6229947760159E-5
4.6229947760159E-5
4.6229947760159E-5
4.6229947760159E-5
4.6229947760159E-5
4.6229947760159E-5
4.6229947760159E-5
4.6229947760159E-5
4.6229947760159E-5
4.6229947760159E-5
4.6229947760159E-5
4.6229947760159E-5
4.6229947760159E-5
4.6229947760159E-5
4.6229947760159E-5
4.6229947760159E-5
4.6229947760159E-5
4.6229947760159E-5
4.6229947760159E-5
4.6229947760159E-5
4.6229947760159E-5
4.6229947760159E-5
4.6229947760159E-5
4.6229947760159E-5
4.6229947760159E-5
4.6229947760159E-5
4.6229947760159E-5
4.6229947760159E-5
4.6229947760159E-5
4.6229947760159E-5
4.6229947760159E-5
4.6229947760159E-5
4.6229947760159E-5
4.6229947760159E-5
4.6229947760159E-5
4.6229947760159E-5
4.6229947760159E-5
4.6229947760159E-5
4.6229947760159E-5
4.6229947760159E-5
4.6229947760159E-5
4.6229947760159E-5
4.6229947760159E-5
4.6229947760159E-5
4.6229947760159E-5
4.6229947760159E-5
4.6229947760159E-5
4.6229947760159E-5
4.6229947760159E-5
4.6229947760159E-5
4.6229947760159E-5
4.6229947760159E-5
4.6229947760159E-5
4.6229947760159E-5
4.6229947760159E-5
4.6229947760159E-5
4.6229947760159E-5
4.6229947760159E-5
4.6229947760159E-5
4.6229947760159E-5
4.6229947760159E-5
4.6229947760159E-5
4.6229947760159E-5
4.6229947760159E-5
4.6229947760159E-5
4.6229947760159E-5
4.6229947760159E-5
4.6229947760159E-5
4.6229947760159E-5
4.6229947760159E-5
4.6229947760159E-5
4.6229947760159E-5
4.6229947760159E-5
4.6229947760159E-5
4.6229947760159E-5
4.6229947760159E-5
4.6229947760159E-5
4.6229947760159E-5
4.6229947760159E-5
4.6229947760159E-5
4.6229947760159E-5
4.6229947760159E-5
4.6229947760159E-5
4.6229947760159E-5
4.6229947760159E-5
4.6229947760159E-5
4.6229947760159E-5
4.6229947760159E-5
4.6229947760159E-5
4.6229947760159E-5
4.6229947760159E-5
4.6229947760159E-5
4.6229947760159E-5
4.6229947760159E-5
4.6229947760159E-5
4.6229947760159E-5
4.6229947760159E-5
4.6229947760159E-5
4.6229947760159E-5
4.6229947760159E-5
4.6229947760159E-5
4.6229947760159E-5
4.6229947760159E-5
4.6229947760159E-5
4.6229947760159E-5
4.6229947760159E-5
4.6229947760159E-5
4.6229947760159E-5
4.6229947760159E-5
4.6229947760159E-5
4.6229947760159E-5
4.6229947760159E-5
4.6229947760159E-5
4.6229947760159E-5
4.6229947760159E-5
4.6229947760159E-5
4.6229947760159E-5
4.6229947760159E-5
4.6229947760159E-5
4.6229947760159E-5
4.6229947760159E-5
4.6229947760159E-5
4.6229947760159E-5
4.6229947760159E-5
4.6229947760159E-5
4.6229947760159E-5
4.6229947760159E-5
4.6229947760159E-5
4.6229947760159E-5
4.6229947760159E-5
4.6229947760159E-5
4.6229947760159E-5
4.6229947760159E-5
4.6229947760159E-5
4.6229947760159E-5
4.6229947760159E-5
4.6229947760159E-5
4.6229947760159E-5
4.6229947760159E-5
4.6229947760159E-5
4.6229947760159E-5
4.6229947760159E-5
4.6229947760159E-5
4.6229947760159E-5
4.6229947760159E-5
4.6229947760159E-5
4.6229947760159E-5
4.6229947760159E-5
4.6229947760159E-5
4.6229947760159E-5
4.6229947760159E-5
4.6229947760159E-5
4.6229947760159E-5
4.6229947760159E-5
4.6229947760159E-5
4.6229947760159E-5
4.6229947760159E-5
4.6229947760159E-5
4.6229947760159E-5
4.6229947760159E-5
4.6229947760159E-5
4.6229947760159E-5
4.6229947760159E-5
4.6229947760159E-5
4.6229947760159E-5
4.6229947760159E-5
4.6229947760159E-5
4.6229947760159E-5
4.6229947760159E-5
4.6229947760159E-5
4.6229947760159E-5
4.6229947760159E-5
4.6229947760159E-5
4.6229947760159E-5
4.6229947760159E-5
4.6229947760159E-5
4.6229947760159E-5
4.6229947760159E-5
4.6229947760159E-5
4.6229947760159E-5
4.6229947760159E-5
4.6229947760159E-5
4.6229947760159E-5
4.6229947760159E-5
4.6229947760159E-5
4.6229947760159E-5
4.6229947760159E-5
4.6229947760159E-5
4.6229947760159E-5
4.6229947760159E-5
4.6229947760159E-5
4.6229947760159E-5
4.6229947760159E-5
4.6229947760159E-5
4.6229947760159E-5
4.6229947760159E-5
4.6229947760159E-5
4.6229947760159E-5
4.6229947760159E-5
4.6229947760159E-5
4.6229947760159E-5
4.6229947760159E-5
4.6229947760159E-5
4.6229947760159E-5
4.6229947760159E-5
4.6229947760159E-5
4.6229947760159E-5
4.6229947760159E-5
4.6229947760159E-5
4.6229947760159E-5
4.6229947760159E-5
4.6229947760159E-5
4.6229947760159E-5
4.6229947760159E-5
4.6229947760159E-5
4.6229947760159E-5
4.6229947760159E-5
4.6229947760159E-5
4.6229947760159E-5
4.6229947760159E-5
4.6229947760159E-5
4.6229947760159E-5
4.6229947760159E-5
4.6229947760159E-5
4.6229947760159E-5
4.6229947760159E-5
4.6229947760159E-5
4.6229947760159E-5
4.6229947760159E-5
4.6229947760159E-5
4.6229947760159E-5
4.6229947760159E-5
4.6229947760159E-5
4.6229947760159E-5
4.6229947760159E-5
4.6229947760159E-5
4.6229947760159E-5
4.6229947760159E-5
4.6229947760159E-5
4.6229947760159E-5
4.6229947760159E-5
4.6229947760159E-5
4.6229947760159E-5
4.6229947760159E-5
4.6229947760159E-5
4.6229947760159E-5
4.6229947760159E-5
4.6229947760159E-5
4.6229947760159E-5
4.6229947760159E-5
4.6229947760159E-5
4.6229947760159E-5
4.6229947760159E-5
4.6229947760159E-5
4.6229947760159E-5
4.6229947760159E-5
4.6229947760159E-5
4.6229947760159E-5
4.6229947760159E-5
4.6229947760159E-5
4.6229947760159E-5
4.6229947760159E-5
4.6229947760159E-5
4.6229947760159E-5
4.6229947760159E-5
4.6229947760159E-5
4.6229947760159E-5
4.6229947760159E-5
4.6229947760159E-5
4.6229947760159E-5
4.6229947760159E-5
4.6229947760159E-5
4.6229947760159E-5
4.6229947760159E-5
4.6229947760159E-5
4.6229947760159E-5
4.6229947760159E-5
4.6229947760159E-5
4.6229947760159E-5
4.6229947760159E-5
4.6229947760159E-5
4.6229947760159E-5
4.6229947760159E-5
4.6229947760159E-5
4.6229947760159E-5
4.6229947760159E-5
4.6229947760159E-5
4.6229947760159E-5
4.6229947760159E-5
4.6229947760159E-5
4.6229947760159E-5
4.6229947760159E-5
4.6229947760159E-5
4.6229947760159E-5
4.6229947760159E-5
4.6229947760159E-5
4.6229947760159E-5
4.6229947760159E-5
4.6229947760159E-5
4.6229947760159E-5
4.6229947760159E-5
4.6229947760159E-5
4.6229947760159E-5
4.6229947760159E-5
4.6229947760159E-5
4.6229947760159E-5
4.6229947760159E-5
4.6229947760159E-5
4.6229947760159E-5
4.6229947760159E-5
4.6229947760159E-5
4.6229947760159E-5
4.6229947760159E-5
4.6229947760159E-5
4.6229947760159E-5
4.6229947760159E-5
4.6229947760159E-5
4.6229947760159E-5
4.6229947760159E-5
4.6229947760159E-5
4.6229947760159E-5
4.6229947760159E-5
4.6229947760159E-5
4.6229947760159E-5
4.6229947760159E-5
4.6229947760159E-5
4.6229947760159E-5
4.6229947760159E-5
4.6229947760159E-5
4.6229947760159E-5
4.6229947760159E-5
4.6229947760159E-5
4.6229947760159E-5
4.6229947760159E-5
4.6229947760159E-5
4.6229947760159E-5
4.6229947760159E-5
4.6229947760159E-5
4.6229947760159E-5
4.6229947760159E-5
4.6229947760159E-5
4.6229947760159E-5
4.6229947760159E-5
4.6229947760159E-5
4.6229947760159E-5
4.6229947760159E-5
4.6229947760159E-5
4.6229947760159E-5
4.6229947760159E-5
4.6229947760159E-5
4.6229947760159E-5
4.6229947760159E-5
4.6229947760159E-5
4.6229947760159E-5
4.6229947760159E-5
4.6229947760159E-5
4.6229947760159E-5
4.6229947760159E-5
4.6229947760159E-5
4.6229947760159E-5
4.6229947760159E-5
4.6229947760159E-5
4.6229947760159E-5
4.6229947760159E-5
4.6229947760159E-5
4.6229947760159E-5
4.6229947760159E-5
4.6229947760159E-5
4.6229947760159E-5
4.6229947760159E-5
4.6229947760159E-5
4.6229947760159E-5
4.6229947760159E-5
4.6229947760159E-5
4.6229947760159E-5
4.6229947760159E-5
4.6229947760159E-5
4.6229947760159E-5
4.6229947760159E-5
4.6229947760159E-5
4.6229947760159E-5
4.6229947760159E-5
4.6229947760159E-5
4.6229947760159E-5
4.6229947760159E-5
4.6229947760159E-5
4.6229947760159E-5
4.6229947760159E-5
4.6229947760159E-5
4.6229947760159E-5
4.6229947760159E-5
4.6229947760159E-5
4.6229947760159E-5
4.6229947760159E-5
4.6229947760159E-5
4.6229947760159E-5
4.6229947760159E-5
4.6229947760159E-5
4.6229947760159E-5
4.6229947760159E-5
4.6229947760159E-5
4.6229947760159E-5
4.6229947760159E-5
4.6229947760159E-5
4.6229947760159E-5
4.6229947760159E-5
4.6229947760159E-5
4.6229947760159E-5
4.6229947760159E-5
4.6229947760159E-5
4.6229947760159E-5
4.6229947760159E-5
4.6229947760159E-5
4.6229947760159E-5
4.6229947760159E-5
4.6229947760159E-5
4.6229947760159E-5
4.6229947760159E-5
4.6229947760159E-5
4.6229947760159E-5
4.6229947760159E-5
4.6229947760159E-5
4.6229947760159E-5
4.6229947760159E-5
4.6229947760159E-5
4.6229947760159E-5
4.6229947760159E-5
4.6229947760159E-5
4.6229947760159E-5
4.6229947760159E-5
4.6229947760159E-5
4.6229947760159E-5
4.6229947760159E-5
4.6229947760159E-5
4.6229947760159E-5
4.6229947760159E-5
4.6229947760159E-5
4.6229947760159E-5
4.6229947760159E-5
4.6229947760159E-5
4.6229947760159E-5
4.6229947760159E-5
4.6229947760159E-5
4.6229947760159E-5
4.6229947760159E-5
4.6229947760159E-5
4.6229947760159E-5
4.6229947760159E-5
4.6229947760159E-5
4.6229947760159E-5
4.6229947760159E-5
4.6229947760159E-5
4.6229947760159E-5
4.6229947760159E-5
4.6229947760159E-5
4.6229947760159E-5
4.6229947760159E-5
4.6229947760159E-5
4.6229947760159E-5
4.6229947760159E-5
4.6229947760159E-5
4.6229947760159E-5
4.6229947760159E-5
4.6229947760159E-5
4.6229947760159E-5
4.6229947760159E-5
4.6229947760159E-5
4.6229947760159E-5
4.6229947760159E-5
4.6229947760159E-5
4.6229947760159E-5
4.6229947760159E-5
4.6229947760159E-5
4.6229947760159E-5
4.6229947760159E-5
4.6229947760159E-5
4.6229947760159E-5
4.6229947760159E-5
4.6229947760159E-5
4.6229947760159E-5
4.6229947760159E-5
4.6229947760159E-5
4.6229947760159E-5
4.6229947760159E-5
4.6229947760159E-5
4.6229947760159E-5
4.6229947760159E-5
4.6229947760159E-5
4.6229947760159E-5
4.6229947760159E-5
4.6229947760159E-5
4.6229947760159E-5
4.6229947760159E-5
4.6229947760159E-5
4.6229947760159E-5
4.6229947760159E-5
4.6229947760159E-5
4.6229947760159E-5
4.6229947760159E-5
4.6229947760159E-5
4.6229947760159E-5
4.6229947760159E-5
4.6229947760159E-5
4.6229947760159E-5
4.6229947760159E-5
4.6229947760159E-5
4.6229947760159E-5
4.6229947760159E-5
4.6229947760159E-5
4.6229947760159E-5
4.6229947760159E-5
4.6229947760159E-5
4.6229947760159E-5
4.6229947760159E-5
4.6229947760159E-5
4.6229947760159E-5
4.6229947760159E-5
4.6229947760159E-5
4.6229947760159E-5
4.6229947760159E-5
4.6229947760159E-5
4.6229947760159E-5
4.6229947760159E-5
4.6229947760159E-5
4.6229947760159E-5
4.6229947760159E-5
4.6229947760159E-5
4.6229947760159E-5
4.6229947760159E-5
4.6229947760159E-5
4.6229947760159E-5
4.6229947760159E-5
4.6229947760159E-5
4.6229947760159E-5
4.6229947760159E-5
4.6229947760159E-5
4.6229947760159E-5
4.6229947760159E-5
4.6229947760159E-5
4.6229947760159E-5
4.6229947760159E-5
4.6229947760159E-5
4.6229947760159E-5
4.6229947760159E-5
4.6229947760159E-5
4.6229947760159E-5
4.6229947760159E-5
4.6229947760159E-5
4.6229947760159E-5
4.6229947760159E-5
4.6229947760159E-5
4.6229947760159E-5
4.6229947760159E-5
4.6229947760159E-5
4.6229947760159E-5
4.6229947760159E-5
4.6229947760159E-5
4.6229947760159E-5
4.6229947760159E-5
4.6229947760159E-5
4.6229947760159E-5
4.6229947760159E-5
4.6229947760159E-5
4.6229947760159E-5
4.6229947760159E-5
4.6229947760159E-5
4.6229947760159E-5
4.6229947760159E-5
4.6229947760159E-5
4.6229947760159E-5
4.6229947760159E-5
4.6229947760159E-5
4.6229947760159E-5
4.6229947760159E-5
4.6229947760159E-5
4.6229947760159E-5
4.6229947760159E-5
4.6229947760159E-5
4.6229947760159E-5
4.6229947760159E-5
4.6229947760159E-5
4.6229947760159E-5
4.6229947760159E-5
4.6229947760159E-5
4.6229947760159E-5
4.6229947760159E-5
4.6229947760159E-5
4.6229947760159E-5
4.6229947760159E-5
4.6229947760159E-5
4.6229947760159E-5
4.6229947760159E-5
4.6229947760159E-5
4.6229947760159E-5
4.6229947760159E-5
4.6229947760159E-5
4.6229947760159E-5
4.6229947760159E-5
4.6229947760159E-5
4.6229947760159E-5
4.6229947760159E-5
4.6229947760159E-5
4.6229947760159E-5
4.6229947760159E-5
4.6229947760159E-5
4.6229947760159E-5
4.6229947760159E-5
4.6229947760159E-5
4.6229947760159E-5
4.6229947760159E-5
4.6229947760159E-5
4.6229947760159E-5
4.6229947760159E-5
4.6229947760159E-5
4.6229947760159E-5
4.6229947760159E-5
4.6229947760159E-5
4.6229947760159E-5
4.6229947760159E-5
4.6229947760159E-5
4.6229947760159E-5
4.6229947760159E-5
4.6229947760159E-5
4.6229947760159E-5
4.6229947760159E-5
4.6229947760159E-5
4.6229947760159E-5
4.6229947760159E-5
4.6229947760159E-5
4.6229947760159E-5
4.6229947760159E-5
4.6229947760159E-5
4.6229947760159E-5
4.6229947760159E-5
4.6229947760159E-5
4.6229947760159E-5
4.6229947760159E-5
4.6229947760159E-5
4.6229947760159E-5
4.6229947760159E-5
4.6229947760159E-5
4.6229947760159E-5
4.6229947760159E-5
4.6229947760159E-5
4.6229947760159E-5
4.6229947760159E-5
4.6229947760159E-5
4.6229947760159E-5
4.6229947760159E-5
4.6229947760159E-5
4.6229947760159E-5
4.6229947760159E-5
4.6229947760159E-5
4.6229947760159E-5
4.6229947760159E-5
4.6229947760159E-5
4.6229947760159E-5
4.6229947760159E-5
4.6229947760159E-5
4.6229947760159E-5
4.6229947760159E-5
4.6229947760159E-5
4.6229947760159E-5
4.6229947760159E-5
4.6229947760159E-5
4.6229947760159E-5
4.6229947760159E-5
4.6229947760159E-5
4.6229947760159E-5
4.6229947760159E-5
4.6229947760159E-5
4.6229947760159E-5
4.6229947760159E-5
4.6229947760159E-5
4.6229947760159E-5
4.6229947760159E-5
4.6229947760159E-5
4.6229947760159E-5
4.6229947760159E-5
4.6229947760159E-5
4.6229947760159E-5
4.6229947760159E-5
4.6229947760159E-5
4.6229947760159E-5
4.6229947760159E-5
4.6229947760159E-5
4.6229947760159E-5
4.6229947760159E-5
4.6229947760159E-5
4.6229947760159E-5
4.6229947760159E-5
4.6229947760159E-5
4.6229947760159E-5
4.6229947760159E-5
4.6229947760159E-5
4.6229947760159E-5
4.6229947760159E-5
4.6229947760159E-5
4.6229947760159E-5
4.6229947760159E-5
4.6229947760159E-5
4.6229947760159E-5
4.6229947760159E-5
4.6229947760159E-5
4.6229947760159E-5
4.6229947760159E-5
4.6229947760159E-5
4.6229947760159E-5
4.6229947760159E-5
4.6229947760159E-5
4.6229947760159E-5
4.6229947760159E-5
4.6229947760159E-5
4.6229947760159E-5
4.6229947760159E-5
4.6229947760159E-5
4.6229947760159E-5
4.6229947760159E-5
4.6229947760159E-5
4.6229947760159E-5
4.6229947760159E-5
4.6229947760159E-5
4.6229947760159E-5
4.6229947760159E-5
4.6229947760159E-5
4.6229947760159E-5
4.6229947760159E-5
4.6229947760159E-5
4.6229947760159E-5
4.6229947760159E-5
4.6229947760159E-5
4.6229947760159E-5
4.6229947760159E-5
4.6229947760159E-5
4.6229947760159E-5
4.6229947760159E-5
4.6229947760159E-5
4.6229947760159E-5
4.6229947760159E-5
4.6229947760159E-5
4.6229947760159E-5
4.6229947760159E-5
4.6229947760159E-5
4.6229947760159E-5
4.6229947760159E-5
4.6229947760159E-5
4.6229947760159E-5
4.6229947760159E-5
4.6229947760159E-5
4.6229947760159E-5
4.6229947760159E-5
4.6229947760159E-5
4.6229947760159E-5
4.6229947760159E-5
4.6229947760159E-5
4.6229947760159E-5
4.6229947760159E-5
4.6229947760159E-5
4.6229947760159E-5
4.6229947760159E-5
4.6229947760159E-5
4.6229947760159E-5
4.6229947760159E-5
4.6229947760159E-5
4.6229947760159E-5
4.6229947760159E-5
4.6229947760159E-5
4.6229947760159E-5
4.6229947760159E-5
4.6229947760159E-5
4.6229947760159E-5
4.6229947760159E-5
4.6229947760159E-5
4.6229947760159E-5
4.6229947760159E-5
4.6229947760159E-5
4.6229947760159E-5
4.6229947760159E-5
4.6229947760159E-5
4.6229947760159E-5
4.6229947760159E-5
4.6229947760159E-5
4.6229947760159E-5
4.6229947760159E-5
4.6229947760159E-5
4.6229947760159E-5
4.6229947760159E-5
4.6229947760159E-5
4.6229947760159E-5
4.6229947760159E-5
4.6229947760159E-5
4.6229947760159E-5
4.6229947760159E-5
4.6229947760159E-5
4.6229947760159E-5
4.6229947760159E-5
4.6229947760159E-5
4.6229947760159E-5
4.6229947760159E-5
4.6229947760159E-5
4.6229947760159E-5
4.6229947760159E-5
4.6229947760159E-5
4.6229947760159E-5
4.6229947760159E-5
4.6229947760159E-5
4.6229947760159E-5
4.6229947760159E-5
4.6229947760159E-5
4.6229947760159E-5
4.6229947760159E-5
4.6229947760159E-5
4.6229947760159E-5
4.6229947760159E-5
4.6229947760159E-5
4.6229947760159E-5
4.6229947760159E-5
4.6229947760159E-5
4.6229947760159E-5
4.6229947760159E-5
4.6229947760159E-5
4.6229947760159E-5
4.6229947760159E-5
4.6229947760159E-5
4.6229947760159E-5
4.6229947760159E-5
4.6229947760159E-5
4.6229947760159E-5
4.6229947760159E-5
4.6229947760159E-5
4.6229947760159E-5
4.6229947760159E-5
4.6229947760159E-5
4.6229947760159E-5
4.6229947760159E-5
4.6229947760159E-5
4.6229947760159E-5
4.6229947760159E-5
4.6229947760159E-5
4.6229947760159E-5
4.6229947760159E-5
4.6229947760159E-5
4.6229947760159E-5
4.6229947760159E-5
4.6229947760159E-5
4.6229947760159E-5
4.6229947760159E-5
4.6229947760159E-5
4.6229947760159E-5
4.6229947760159E-5
4.6229947760159E-5
4.6229947760159E-5
4.6229947760159E-5
4.6229947760159E-5
4.6229947760159E-5
4.6229947760159E-5
4.6229947760159E-5
4.6229947760159E-5
4.6229947760159E-5
4.6229947760159E-5
4.6229947760159E-5
4.6229947760159E-5
4.6229947760159E-5
4.6229947760159E-5
4.6229947760159E-5
4.6229947760159E-5
4.6229947760159E-5
4.6229947760159E-5
4.6229947760159E-5
4.6229947760159E-5
4.6229947760159E-5
4.6229947760159E-5
4.6229947760159E-5
4.6229947760159E-5
4.6229947760159E-5
4.6229947760159E-5
4.6229947760159E-5
4.6229947760159E-5
4.6229947760159E-5
4.6229947760159E-5
4.6229947760159E-5
4.6229947760159E-5
4.6229947760159E-5
4.6229947760159E-5
4.6229947760159E-5
4.6229947760159E-5
4.6229947760159E-5
4.6229947760159E-5
4.6229947760159E-5
4.6229947760159E-5
4.6229947760159E-5
4.6229947760159E-5
4.6229947760159E-5
4.6229947760159E-5
4.6229947760159E-5
4.6229947760159E-5
4.6229947760159E-5
4.6229947760159E-5
4.6229947760159E-5
4.6229947760159E-5
4.6229947760159E-5
4.6229947760159E-5
4.6229947760159E-5
4.6229947760159E-5
4.6229947760159E-5
4.6229947760159E-5
4.6229947760159E-5
4.6229947760159E-5
4.6229947760159E-5
4.6229947760159E-5
4.6229947760159E-5
4.6229947760159E-5
4.6229947760159E-5
4.6229947760159E-5
4.6229947760159E-5
4.6229947760159E-5
4.6229947760159E-5
4.6229947760159E-5
4.6229947760159E-5
4.6229947760159E-5
4.6229947760159E-5
4.6229947760159E-5
4.6229947760159E-5
4.6229947760159E-5
4.6229947760159E-5
4.6229947760159E-5
4.6229947760159E-5
4.6229947760159E-5
4.6229947760159E-5
4.6229947760159E-5
4.6229947760159E-5
4.6229947760159E-5
4.6229947760159E-5
