0.0034024552853005
0.0036323509126856
0.0038162674145938
0.0026667892776679
0.0062991401903536
0.0056554324336751
0.0052416203043818
0.0025288519012368
0.0034484344107775
0.0088739712170675
0.022483792358269
0.017288151179365
0.0034024552853005
0.0061152236884454
0.012920134259046
0.0057933698101062
0.00036783300381627
0.0022989562738517
0.004092142167456
0.00073566600763253
0.0011034990114488
4.5979125477033E-5
0.00018391650190813
0.0053335785553359
0.00050577038024737
0.011356843992827
0.0018851441445584
0.0004138121292933
0.0085980964642053
0.00022989562738517
0.0015173111407421
0.00059772863120143
0.00091958250954067
0.026392018023817
0.009563658099223
0.0038162674145938
0.016920318175548
0.010713136236149
0.0025288519012368
0.0002758747528622
0.00078164513310957
0.0012414363878799
0.00018391650190813
0.0018851441445584
0.0087360338406364
0.0063910984413076
0.0051496620534277
9.1958250954067E-5
0.0018851441445584
0.0001379373764311
0.00050577038024737
4.5979125477033E-5
0.0032185387833923
0.0032645179088694
0.0016552485171732
0.001425352889788
0.016460526920778
0.0011954572624029
0.0032185387833923
0.0032645179088694
0.0023449353993287
0.001425352889788
0.00059772863120143
4.5979125477033E-5
0.0017472067681273
0.0019771023955124
0.0011494781369258
0.00087360338406364
0.00087360338406364
0.0088279920915904
0.0010115407604947
0.0019311232700354
0.0004138121292933
0.0010575198859718
0.0074486183272794
0.001379373764311
0.0009655616350177
0.00418410041841
0.0004138121292933
0.00032185387833923
0.00059772863120143
0.00022989562738517
0.0016092693916962
0.0004138121292933
0.0001379373764311
9.1958250954067E-5
0.0002758747528622
0.001333394638834
0.0002758747528622
0.0025288519012368
9.1958250954067E-5
0.0020690606464665
0.0081383052094349
0.00073566600763253
0.00059772863120143
0.00032185387833923
0.0020230815209895
0.00036783300381627
0.0049657455515196
0.0022529771483746
0.0030806014069612
9.1958250954067E-5
9.1958250954067E-5
0.0006896868821555
0.00022989562738517
0.00032185387833923
0.0005517495057244
0.00045979125477033
9.1958250954067E-5
0.011034990114488
0.0044139960457952
0.001425352889788
0.0028966849050531
0.0047818290496115
0.0001379373764311
0.00036783300381627
0.0011954572624029
0.0001379373764311
9.1958250954067E-5
9.1958250954067E-5
0.0025288519012368
0.0037702882891167
0.0019311232700354
0.0024828727757598
0.00036783300381627
0.0009655616350177
0.00073566600763253
0.0001379373764311
0.00059772863120143
0.0004138121292933
0.0011034990114488
0.0067589314451239
9.1958250954067E-5
0.00059772863120143
0.00078164513310957
0.0009655616350177
0.0019311232700354
0.0010115407604947
0.0021150397719435
0.0070348061979861
0.00073566600763253
0.00050577038024737
0.0001379373764311
4.5979125477033E-5
0.0001379373764311
0.0006896868821555
4.5979125477033E-5
0.0063910984413076
0.00059772863120143
0.0005517495057244
4.5979125477033E-5
0.0006896868821555
0.0005517495057244
0.0006896868821555
0.0008276242585866
0.0004138121292933
0.00022989562738517
0.002758747528622
0.00018391650190813
0.00087360338406364
9.1958250954067E-5
0.0033104970343464
0.0021150397719435
0.0051496620534277
0.00022989562738517
0.0014713320152651
0.00064370775667847
4.5979125477033E-5
0.0004138121292933
0.00078164513310957
0.00078164513310957
0.0002758747528622
0.0001379373764311
0.0001379373764311
4.5979125477033E-5
9.1958250954067E-5
0.0001379373764311
0.00022989562738517
0.0001379373764311
0.0001379373764311
0.00018391650190813
0.0011034990114488
4.5979125477033E-5
4.5979125477033E-5
0.00087360338406364
9.1958250954067E-5
0.00045979125477033
0.0085521173387282
0.0017472067681273
0.00050577038024737
0.0062071819393995
0.0018391650190813
0.0019771023955124
0.00036783300381627
4.5979125477033E-5
0.00022989562738517
0.00036783300381627
0.0065750149432158
0.0009655616350177
9.1958250954067E-5
4.5979125477033E-5
0.00036783300381627
0.00018391650190813
0.0002758747528622
9.1958250954067E-5
0.0024368936502828
0.00064370775667847
0.0011494781369258
0.0012414363878799
0.0006896868821555
0.00022989562738517
0.0001379373764311
0.00018391650190813
9.1958250954067E-5
0.00064370775667847
0.0004138121292933
0.0002758747528622
0.016368568669824
9.1958250954067E-5
0.00064370775667847
0.00036783300381627
0.00045979125477033
0.00032185387833923
0.0016552485171732
0.0036323509126856
0.0018391650190813
0.001425352889788
9.1958250954067E-5
0.0011494781369258
0.00036783300381627
0.0019771023955124
0.0002758747528622
4.5979125477033E-5
0.0009655616350177
0.0004138121292933
0.0014713320152651
0.00032185387833923
0.0002758747528622
0.00032185387833923
0.0079084095820497
0.0004138121292933
0.0001379373764311
0.0005517495057244
0.0011034990114488
0.001333394638834
0.0011954572624029
0.00032185387833923
0.00087360338406364
0.0045059542967493
0.00022989562738517
0.00050577038024737
0.0012414363878799
0.0002758747528622
0.0004138121292933
0.0015632902662191
0.00036783300381627
0.0030346222814842
0.00036783300381627
0.00018391650190813
0.0004138121292933
0.0011034990114488
9.1958250954067E-5
0.0002758747528622
0.0022529771483746
9.1958250954067E-5
9.1958250954067E-5
4.5979125477033E-5
0.001333394638834
0.0002758747528622
0.0011034990114488
0.0001379373764311
4.5979125477033E-5
4.5979125477033E-5
0.0001379373764311
0.0002758747528622
0.0018851441445584
9.1958250954067E-5
0.0021150397719435
0.0016552485171732
4.5979125477033E-5
9.1958250954067E-5
4.5979125477033E-5
9.1958250954067E-5
0.0010115407604947
4.5979125477033E-5
0.0019771023955124
0.00050577038024737
0.00036783300381627
0.00036783300381627
0.0004138121292933
0.00059772863120143
0.0002758747528622
0.0010575198859718
0.00091958250954067
9.1958250954067E-5
0.0017472067681273
0.0017012276426502
0.0011954572624029
9.1958250954067E-5
9.1958250954067E-5
0.00032185387833923
0.0011954572624029
0.0004138121292933
0.0014713320152651
0.001425352889788
0.00036783300381627
0.0014713320152651
0.0001379373764311
0.0004138121292933
4.5979125477033E-5
4.5979125477033E-5
0.00073566600763253
4.5979125477033E-5
0.0002758747528622
0.0011034990114488
0.0010115407604947
0.00050577038024737
9.1958250954067E-5
0.0001379373764311
0.0043680169203182
0.00018391650190813
0.0005517495057244
4.5979125477033E-5
0.00045979125477033
9.1958250954067E-5
0.0001379373764311
4.5979125477033E-5
0.00045979125477033
9.1958250954067E-5
0.0001379373764311
0.0002758747528622
0.00087360338406364
4.5979125477033E-5
4.5979125477033E-5
0.00059772863120143
0.0009655616350177
9.1958250954067E-5
0.0016552485171732
0.00059772863120143
0.00018391650190813
0.0012414363878799
0.00032185387833923
0.0017472067681273
0.0001379373764311
0.0002758747528622
0.0006896868821555
0.00032185387833923
0.0004138121292933
0.0005517495057244
0.00045979125477033
0.00050577038024737
0.00018391650190813
0.0002758747528622
0.00018391650190813
4.5979125477033E-5
9.1958250954067E-5
9.1958250954067E-5
0.0005517495057244
0.0002758747528622
0.0002758747528622
0.00073566600763253
0.00073566600763253
9.1958250954067E-5
0.00059772863120143
9.1958250954067E-5
0.00032185387833923
9.1958250954067E-5
4.5979125477033E-5
4.5979125477033E-5
9.1958250954067E-5
9.1958250954067E-5
4.5979125477033E-5
0.00078164513310957
0.00032185387833923
4.5979125477033E-5
9.1958250954067E-5
0.0002758747528622
9.1958250954067E-5
4.5979125477033E-5
0.00036783300381627
9.1958250954067E-5
0.00022989562738517
0.00032185387833923
0.00018391650190813
0.0009655616350177
0.00036783300381627
0.00059772863120143
9.1958250954067E-5
4.5979125477033E-5
0.00091958250954067
0.0005517495057244
0.0011034990114488
0.00036783300381627
0.00064370775667847
0.00032185387833923
0.0001379373764311
4.5979125477033E-5
0.00087360338406364
0.0035403926617316
4.5979125477033E-5
0.0002758747528622
0.0002758747528622
0.00018391650190813
0.0022069980228976
0.00036783300381627
0.0001379373764311
0.0002758747528622
0.0002758747528622
4.5979125477033E-5
9.1958250954067E-5
4.5979125477033E-5
4.5979125477033E-5
4.5979125477033E-5
4.5979125477033E-5
0.0008276242585866
9.1958250954067E-5
4.5979125477033E-5
4.5979125477033E-5
0.0001379373764311
0.00018391650190813
0.00022989562738517
4.5979125477033E-5
9.1958250954067E-5
9.1958250954067E-5
4.5979125477033E-5
4.5979125477033E-5
0.00022989562738517
0.0002758747528622
0.00036783300381627
0.00018391650190813
4.5979125477033E-5
0.0010575198859718
0.00036783300381627
0.00018391650190813
0.0006896868821555
9.1958250954067E-5
0.0001379373764311
0.0002758747528622
0.00022989562738517
0.0002758747528622
0.00018391650190813
0.0017012276426502
0.00078164513310957
0.00018391650190813
0.00022989562738517
0.0004138121292933
0.00032185387833923
9.1958250954067E-5
4.5979125477033E-5
0.0006896868821555
0.0016552485171732
0.0022529771483746
0.0001379373764311
9.1958250954067E-5
0.0001379373764311
4.5979125477033E-5
4.5979125477033E-5
9.1958250954067E-5
0.00036783300381627
0.0011954572624029
9.1958250954067E-5
9.1958250954067E-5
0.00050577038024737
0.0001379373764311
0.00036783300381627
0.0002758747528622
0.0001379373764311
0.00036783300381627
0.00018391650190813
9.1958250954067E-5
0.0019771023955124
0.0006896868821555
0.0012414363878799
9.1958250954067E-5
0.0011034990114488
0.0005517495057244
0.00032185387833923
0.00036783300381627
0.00032185387833923
0.0010115407604947
9.1958250954067E-5
0.0002758747528622
0.0017012276426502
9.1958250954067E-5
0.00059772863120143
4.5979125477033E-5
0.0010115407604947
0.00018391650190813
0.00018391650190813
9.1958250954067E-5
0.00022989562738517
0.00022989562738517
0.00073566600763253
0.00032185387833923
0.00032185387833923
4.5979125477033E-5
9.1958250954067E-5
0.00059772863120143
0.0001379373764311
0.0017012276426502
0.00022989562738517
0.0004138121292933
0.0004138121292933
9.1958250954067E-5
4.5979125477033E-5
0.00032185387833923
0.00059772863120143
9.1958250954067E-5
0.00078164513310957
0.0005517495057244
0.00078164513310957
0.00045979125477033
9.1958250954067E-5
4.5979125477033E-5
0.00022989562738517
4.5979125477033E-5
0.00022989562738517
0.0010575198859718
0.0004138121292933
0.00032185387833923
4.5979125477033E-5
9.1958250954067E-5
0.0002758747528622
0.00073566600763253
9.1958250954067E-5
4.5979125477033E-5
0.0011954572624029
0.00018391650190813
9.1958250954067E-5
0.0001379373764311
0.00036783300381627
4.5979125477033E-5
0.00045979125477033
0.0001379373764311
4.5979125477033E-5
0.00050577038024737
9.1958250954067E-5
0.00022989562738517
0.00036783300381627
9.1958250954067E-5
0.00045979125477033
0.0001379373764311
0.0006896868821555
9.1958250954067E-5
0.00018391650190813
0.00050577038024737
0.00045979125477033
0.0002758747528622
0.00050577038024737
0.0001379373764311
4.5979125477033E-5
9.1958250954067E-5
0.001379373764311
0.0004138121292933
0.00022989562738517
4.5979125477033E-5
9.1958250954067E-5
4.5979125477033E-5
0.0002758747528622
4.5979125477033E-5
4.5979125477033E-5
0.00022989562738517
0.0004138121292933
0.0004138121292933
0.00022989562738517
0.0001379373764311
9.1958250954067E-5
9.1958250954067E-5
0.00036783300381627
9.1958250954067E-5
9.1958250954067E-5
4.5979125477033E-5
0.0011954572624029
0.0005517495057244
0.00073566600763253
0.00018391650190813
0.0001379373764311
0.0014713320152651
0.0010575198859718
0.00036783300381627
0.00045979125477033
0.00073566600763253
9.1958250954067E-5
0.0001379373764311
0.00018391650190813
4.5979125477033E-5
0.0002758747528622
0.00022989562738517
0.00032185387833923
0.0001379373764311
0.0001379373764311
0.00087360338406364
0.00078164513310957
9.1958250954067E-5
9.1958250954067E-5
4.5979125477033E-5
0.0001379373764311
0.0005517495057244
4.5979125477033E-5
0.0004138121292933
4.5979125477033E-5
9.1958250954067E-5
9.1958250954067E-5
0.0004138121292933
0.0005517495057244
4.5979125477033E-5
4.5979125477033E-5
9.1958250954067E-5
4.5979125477033E-5
4.5979125477033E-5
4.5979125477033E-5
0.00022989562738517
9.1958250954067E-5
4.5979125477033E-5
0.00018391650190813
0.0001379373764311
4.5979125477033E-5
0.0006896868821555
0.00036783300381627
0.00045979125477033
0.0004138121292933
4.5979125477033E-5
0.00022989562738517
0.00045979125477033
0.0005517495057244
0.00059772863120143
0.00087360338406364
0.00078164513310957
0.00018391650190813
0.00050577038024737
4.5979125477033E-5
0.0001379373764311
0.00045979125477033
0.00032185387833923
4.5979125477033E-5
0.00018391650190813
0.00036783300381627
9.1958250954067E-5
9.1958250954067E-5
9.1958250954067E-5
0.00018391650190813
0.00032185387833923
9.1958250954067E-5
0.00022989562738517
0.0005517495057244
4.5979125477033E-5
4.5979125477033E-5
4.5979125477033E-5
0.00073566600763253
0.00018391650190813
4.5979125477033E-5
9.1958250954067E-5
0.0001379373764311
4.5979125477033E-5
9.1958250954067E-5
4.5979125477033E-5
4.5979125477033E-5
0.0002758747528622
0.0001379373764311
4.5979125477033E-5
0.0001379373764311
0.0002758747528622
0.0001379373764311
0.0001379373764311
4.5979125477033E-5
4.5979125477033E-5
0.0001379373764311
9.1958250954067E-5
4.5979125477033E-5
0.00050577038024737
0.0004138121292933
4.5979125477033E-5
0.00018391650190813
0.00018391650190813
0.00036783300381627
0.0006896868821555
0.00032185387833923
0.0006896868821555
9.1958250954067E-5
9.1958250954067E-5
4.5979125477033E-5
0.0001379373764311
4.5979125477033E-5
9.1958250954067E-5
4.5979125477033E-5
9.1958250954067E-5
4.5979125477033E-5
0.00045979125477033
4.5979125477033E-5
9.1958250954067E-5
0.0001379373764311
0.0002758747528622
9.1958250954067E-5
9.1958250954067E-5
0.0004138121292933
0.00022989562738517
0.00050577038024737
0.0001379373764311
0.0001379373764311
9.1958250954067E-5
0.0001379373764311
0.00018391650190813
0.00022989562738517
0.00022989562738517
9.1958250954067E-5
0.00064370775667847
0.0001379373764311
0.0005517495057244
0.0004138121292933
0.0001379373764311
0.0005517495057244
0.0001379373764311
0.00045979125477033
0.00036783300381627
0.00036783300381627
0.00018391650190813
0.00022989562738517
9.1958250954067E-5
9.1958250954067E-5
4.5979125477033E-5
0.0001379373764311
4.5979125477033E-5
9.1958250954067E-5
0.0002758747528622
0.0001379373764311
0.0001379373764311
0.00018391650190813
0.0001379373764311
0.0001379373764311
0.00059772863120143
9.1958250954067E-5
9.1958250954067E-5
9.1958250954067E-5
0.00022989562738517
9.1958250954067E-5
0.00018391650190813
0.0001379373764311
9.1958250954067E-5
0.00022989562738517
9.1958250954067E-5
0.0002758747528622
4.5979125477033E-5
0.0008276242585866
4.5979125477033E-5
0.00018391650190813
0.0001379373764311
9.1958250954067E-5
0.0002758747528622
0.00032185387833923
0.00022989562738517
0.00022989562738517
4.5979125477033E-5
0.0004138121292933
9.1958250954067E-5
0.00073566600763253
0.0006896868821555
9.1958250954067E-5
0.00032185387833923
9.1958250954067E-5
0.00078164513310957
0.0002758747528622
0.0004138121292933
0.00018391650190813
0.00018391650190813
0.0002758747528622
0.0004138121292933
0.0004138121292933
4.5979125477033E-5
0.0002758747528622
9.1958250954067E-5
0.00018391650190813
0.00064370775667847
0.0008276242585866
0.0001379373764311
0.0001379373764311
9.1958250954067E-5
4.5979125477033E-5
0.0001379373764311
4.5979125477033E-5
4.5979125477033E-5
0.00018391650190813
0.0001379373764311
0.0004138121292933
0.0002758747528622
0.00078164513310957
4.5979125477033E-5
0.0001379373764311
0.00022989562738517
0.0002758747528622
4.5979125477033E-5
9.1958250954067E-5
4.5979125477033E-5
0.0004138121292933
0.0002758747528622
4.5979125477033E-5
0.0001379373764311
0.0006896868821555
0.0001379373764311
0.0002758747528622
9.1958250954067E-5
9.1958250954067E-5
0.0001379373764311
0.0001379373764311
4.5979125477033E-5
0.00018391650190813
0.00018391650190813
0.00018391650190813
0.00018391650190813
0.00050577038024737
4.5979125477033E-5
0.00018391650190813
4.5979125477033E-5
9.1958250954067E-5
4.5979125477033E-5
9.1958250954067E-5
4.5979125477033E-5
4.5979125477033E-5
4.5979125477033E-5
4.5979125477033E-5
9.1958250954067E-5
4.5979125477033E-5
9.1958250954067E-5
0.0001379373764311
4.5979125477033E-5
4.5979125477033E-5
0.0001379373764311
0.00018391650190813
0.0001379373764311
0.0002758747528622
0.0001379373764311
0.00018391650190813
9.1958250954067E-5
0.00050577038024737
0.0001379373764311
0.0002758747528622
4.5979125477033E-5
4.5979125477033E-5
0.0002758747528622
0.00064370775667847
0.0002758747528622
4.5979125477033E-5
4.5979125477033E-5
4.5979125477033E-5
0.00018391650190813
4.5979125477033E-5
9.1958250954067E-5
0.0025288519012368
4.5979125477033E-5
4.5979125477033E-5
4.5979125477033E-5
0.0001379373764311
9.1958250954067E-5
4.5979125477033E-5
0.00073566600763253
0.00036783300381627
0.0015632902662191
0.0001379373764311
4.5979125477033E-5
0.00022989562738517
4.5979125477033E-5
0.00036783300381627
0.00036783300381627
9.1958250954067E-5
9.1958250954067E-5
0.00022989562738517
0.00022989562738517
0.0002758747528622
0.00018391650190813
0.0001379373764311
0.00018391650190813
4.5979125477033E-5
4.5979125477033E-5
4.5979125477033E-5
9.1958250954067E-5
9.1958250954067E-5
0.00022989562738517
9.1958250954067E-5
4.5979125477033E-5
4.5979125477033E-5
4.5979125477033E-5
4.5979125477033E-5
4.5979125477033E-5
0.00018391650190813
4.5979125477033E-5
9.1958250954067E-5
0.00032185387833923
0.00064370775667847
0.00018391650190813
0.00018391650190813
0.0004138121292933
0.001425352889788
0.0015632902662191
9.1958250954067E-5
0.0002758747528622
0.0037702882891167
0.00073566600763253
0.00018391650190813
0.00022989562738517
0.00018391650190813
0.0001379373764311
0.0012414363878799
0.00050577038024737
0.00022989562738517
4.5979125477033E-5
0.00045979125477033
0.0005517495057244
4.5979125477033E-5
4.5979125477033E-5
4.5979125477033E-5
4.5979125477033E-5
0.0004138121292933
9.1958250954067E-5
0.00018391650190813
0.0002758747528622
4.5979125477033E-5
4.5979125477033E-5
4.5979125477033E-5
0.0001379373764311
9.1958250954067E-5
0.0001379373764311
4.5979125477033E-5
9.1958250954067E-5
0.0001379373764311
4.5979125477033E-5
0.0006896868821555
4.5979125477033E-5
0.00022989562738517
0.0001379373764311
0.0001379373764311
9.1958250954067E-5
0.00073566600763253
0.0005517495057244
0.00059772863120143
9.1958250954067E-5
0.00018391650190813
0.0006896868821555
0.00036783300381627
4.5979125477033E-5
0.00018391650190813
9.1958250954067E-5
4.5979125477033E-5
4.5979125477033E-5
4.5979125477033E-5
0.00022989562738517
0.0004138121292933
0.00018391650190813
4.5979125477033E-5
4.5979125477033E-5
0.0001379373764311
0.00036783300381627
0.0002758747528622
4.5979125477033E-5
4.5979125477033E-5
4.5979125477033E-5
9.1958250954067E-5
4.5979125477033E-5
4.5979125477033E-5
0.00022989562738517
0.00018391650190813
4.5979125477033E-5
0.0004138121292933
9.1958250954067E-5
0.00036783300381627
4.5979125477033E-5
9.1958250954067E-5
9.1958250954067E-5
4.5979125477033E-5
0.0001379373764311
4.5979125477033E-5
9.1958250954067E-5
4.5979125477033E-5
4.5979125477033E-5
0.0001379373764311
0.00018391650190813
4.5979125477033E-5
0.0001379373764311
4.5979125477033E-5
4.5979125477033E-5
4.5979125477033E-5
0.0004138121292933
4.5979125477033E-5
4.5979125477033E-5
4.5979125477033E-5
0.0001379373764311
0.00018391650190813
4.5979125477033E-5
4.5979125477033E-5
4.5979125477033E-5
0.0025288519012368
0.0010115407604947
0.00022989562738517
0.0001379373764311
9.1958250954067E-5
0.0001379373764311
4.5979125477033E-5
4.5979125477033E-5
0.00018391650190813
0.001425352889788
9.1958250954067E-5
0.00022989562738517
0.0001379373764311
0.00018391650190813
0.0001379373764311
4.5979125477033E-5
0.00064370775667847
9.1958250954067E-5
0.00018391650190813
0.0001379373764311
4.5979125477033E-5
9.1958250954067E-5
0.00064370775667847
9.1958250954067E-5
4.5979125477033E-5
4.5979125477033E-5
0.0001379373764311
4.5979125477033E-5
0.00059772863120143
0.00018391650190813
4.5979125477033E-5
9.1958250954067E-5
4.5979125477033E-5
0.00022989562738517
4.5979125477033E-5
4.5979125477033E-5
4.5979125477033E-5
0.0001379373764311
9.1958250954067E-5
0.00073566600763253
0.00022989562738517
0.00032185387833923
0.00018391650190813
0.00018391650190813
0.00022989562738517
4.5979125477033E-5
0.00018391650190813
0.0001379373764311
0.00018391650190813
0.0001379373764311
4.5979125477033E-5
0.00022989562738517
9.1958250954067E-5
0.0001379373764311
0.00018391650190813
9.1958250954067E-5
9.1958250954067E-5
4.5979125477033E-5
4.5979125477033E-5
4.5979125477033E-5
4.5979125477033E-5
9.1958250954067E-5
0.00022989562738517
0.00018391650190813
0.00018391650190813
4.5979125477033E-5
4.5979125477033E-5
9.1958250954067E-5
4.5979125477033E-5
9.1958250954067E-5
0.0002758747528622
0.0001379373764311
4.5979125477033E-5
4.5979125477033E-5
0.00036783300381627
0.0006896868821555
0.0001379373764311
9.1958250954067E-5
4.5979125477033E-5
4.5979125477033E-5
4.5979125477033E-5
0.00022989562738517
9.1958250954067E-5
0.0002758747528622
4.5979125477033E-5
4.5979125477033E-5
4.5979125477033E-5
0.00022989562738517
9.1958250954067E-5
9.1958250954067E-5
9.1958250954067E-5
4.5979125477033E-5
4.5979125477033E-5
4.5979125477033E-5
0.00018391650190813
4.5979125477033E-5
9.1958250954067E-5
9.1958250954067E-5
9.1958250954067E-5
0.0001379373764311
0.0001379373764311
0.0006896868821555
9.1958250954067E-5
0.0001379373764311
9.1958250954067E-5
9.1958250954067E-5
0.0010115407604947
4.5979125477033E-5
0.0001379373764311
9.1958250954067E-5
0.00022989562738517
9.1958250954067E-5
0.00032185387833923
0.0001379373764311
9.1958250954067E-5
9.1958250954067E-5
0.00032185387833923
4.5979125477033E-5
4.5979125477033E-5
0.00022989562738517
4.5979125477033E-5
4.5979125477033E-5
9.1958250954067E-5
9.1958250954067E-5
0.00036783300381627
9.1958250954067E-5
9.1958250954067E-5
9.1958250954067E-5
9.1958250954067E-5
9.1958250954067E-5
0.0002758747528622
9.1958250954067E-5
9.1958250954067E-5
4.5979125477033E-5
4.5979125477033E-5
0.00018391650190813
4.5979125477033E-5
9.1958250954067E-5
0.0001379373764311
4.5979125477033E-5
4.5979125477033E-5
0.0001379373764311
9.1958250954067E-5
9.1958250954067E-5
9.1958250954067E-5
9.1958250954067E-5
0.0004138121292933
9.1958250954067E-5
9.1958250954067E-5
9.1958250954067E-5
0.0002758747528622
0.0001379373764311
4.5979125477033E-5
4.5979125477033E-5
9.1958250954067E-5
9.1958250954067E-5
0.00018391650190813
4.5979125477033E-5
0.0001379373764311
9.1958250954067E-5
4.5979125477033E-5
4.5979125477033E-5
0.00018391650190813
4.5979125477033E-5
9.1958250954067E-5
9.1958250954067E-5
0.0001379373764311
4.5979125477033E-5
4.5979125477033E-5
4.5979125477033E-5
0.00018391650190813
0.0001379373764311
4.5979125477033E-5
4.5979125477033E-5
9.1958250954067E-5
4.5979125477033E-5
0.00018391650190813
0.00018391650190813
4.5979125477033E-5
0.0001379373764311
4.5979125477033E-5
4.5979125477033E-5
4.5979125477033E-5
0.00018391650190813
9.1958250954067E-5
4.5979125477033E-5
0.0001379373764311
4.5979125477033E-5
0.00032185387833923
9.1958250954067E-5
4.5979125477033E-5
4.5979125477033E-5
4.5979125477033E-5
0.0001379373764311
4.5979125477033E-5
4.5979125477033E-5
4.5979125477033E-5
9.1958250954067E-5
4.5979125477033E-5
0.00018391650190813
0.0001379373764311
9.1958250954067E-5
4.5979125477033E-5
9.1958250954067E-5
9.1958250954067E-5
4.5979125477033E-5
0.0001379373764311
9.1958250954067E-5
4.5979125477033E-5
9.1958250954067E-5
4.5979125477033E-5
4.5979125477033E-5
4.5979125477033E-5
4.5979125477033E-5
0.00018391650190813
4.5979125477033E-5
0.00018391650190813
0.0002758747528622
0.0001379373764311
0.00032185387833923
9.1958250954067E-5
0.0001379373764311
0.001333394638834
9.1958250954067E-5
4.5979125477033E-5
9.1958250954067E-5
0.0001379373764311
0.0001379373764311
4.5979125477033E-5
9.1958250954067E-5
0.0001379373764311
0.00022989562738517
9.1958250954067E-5
4.5979125477033E-5
9.1958250954067E-5
0.0004138121292933
4.5979125477033E-5
4.5979125477033E-5
0.00087360338406364
4.5979125477033E-5
4.5979125477033E-5
4.5979125477033E-5
0.00022989562738517
0.0002758747528622
9.1958250954067E-5
4.5979125477033E-5
0.0001379373764311
4.5979125477033E-5
4.5979125477033E-5
4.5979125477033E-5
4.5979125477033E-5
4.5979125477033E-5
4.5979125477033E-5
4.5979125477033E-5
4.5979125477033E-5
4.5979125477033E-5
4.5979125477033E-5
4.5979125477033E-5
0.0001379373764311
4.5979125477033E-5
0.0001379373764311
4.5979125477033E-5
4.5979125477033E-5
4.5979125477033E-5
0.00018391650190813
4.5979125477033E-5
9.1958250954067E-5
0.0001379373764311
9.1958250954067E-5
9.1958250954067E-5
9.1958250954067E-5
0.00032185387833923
0.00036783300381627
0.0001379373764311
9.1958250954067E-5
0.0001379373764311
9.1958250954067E-5
9.1958250954067E-5
4.5979125477033E-5
4.5979125477033E-5
4.5979125477033E-5
9.1958250954067E-5
4.5979125477033E-5
4.5979125477033E-5
4.5979125477033E-5
4.5979125477033E-5
4.5979125477033E-5
0.0009655616350177
4.5979125477033E-5
0.0001379373764311
9.1958250954067E-5
0.0011034990114488
0.0002758747528622
9.1958250954067E-5
0.00032185387833923
0.00018391650190813
0.0001379373764311
0.00018391650190813
0.0002758747528622
9.1958250954067E-5
9.1958250954067E-5
0.00073566600763253
0.0001379373764311
9.1958250954067E-5
4.5979125477033E-5
4.5979125477033E-5
4.5979125477033E-5
0.00022989562738517
0.00045979125477033
4.5979125477033E-5
9.1958250954067E-5
4.5979125477033E-5
9.1958250954067E-5
0.0001379373764311
0.0002758747528622
9.1958250954067E-5
9.1958250954067E-5
0.0001379373764311
4.5979125477033E-5
9.1958250954067E-5
4.5979125477033E-5
4.5979125477033E-5
4.5979125477033E-5
0.00018391650190813
0.0001379373764311
0.00018391650190813
9.1958250954067E-5
9.1958250954067E-5
4.5979125477033E-5
4.5979125477033E-5
0.0001379373764311
4.5979125477033E-5
0.00032185387833923
4.5979125477033E-5
9.1958250954067E-5
9.1958250954067E-5
0.00022989562738517
0.00018391650190813
0.00022989562738517
4.5979125477033E-5
4.5979125477033E-5
9.1958250954067E-5
9.1958250954067E-5
9.1958250954067E-5
4.5979125477033E-5
0.00018391650190813
4.5979125477033E-5
0.00032185387833923
4.5979125477033E-5
0.00018391650190813
9.1958250954067E-5
0.00018391650190813
9.1958250954067E-5
0.0001379373764311
4.5979125477033E-5
4.5979125477033E-5
4.5979125477033E-5
4.5979125477033E-5
4.5979125477033E-5
9.1958250954067E-5
9.1958250954067E-5
0.00032185387833923
0.0008276242585866
9.1958250954067E-5
0.00032185387833923
0.0001379373764311
4.5979125477033E-5
0.00018391650190813
0.00022989562738517
9.1958250954067E-5
9.1958250954067E-5
0.00078164513310957
0.00032185387833923
0.00059772863120143
9.1958250954067E-5
0.00022989562738517
4.5979125477033E-5
9.1958250954067E-5
4.5979125477033E-5
9.1958250954067E-5
0.00018391650190813
0.00018391650190813
0.0001379373764311
0.0002758747528622
4.5979125477033E-5
4.5979125477033E-5
4.5979125477033E-5
4.5979125477033E-5
4.5979125477033E-5
4.5979125477033E-5
9.1958250954067E-5
4.5979125477033E-5
0.0001379373764311
0.00022989562738517
0.0001379373764311
9.1958250954067E-5
9.1958250954067E-5
0.00018391650190813
9.1958250954067E-5
0.00018391650190813
4.5979125477033E-5
0.00032185387833923
4.5979125477033E-5
0.0001379373764311
0.0005517495057244
4.5979125477033E-5
4.5979125477033E-5
0.0002758747528622
4.5979125477033E-5
0.00018391650190813
0.00018391650190813
0.0001379373764311
4.5979125477033E-5
4.5979125477033E-5
4.5979125477033E-5
0.00018391650190813
0.0001379373764311
9.1958250954067E-5
0.0001379373764311
0.00032185387833923
0.00022989562738517
0.0001379373764311
4.5979125477033E-5
4.5979125477033E-5
0.00018391650190813
0.00087360338406364
4.5979125477033E-5
4.5979125477033E-5
4.5979125477033E-5
4.5979125477033E-5
4.5979125477033E-5
4.5979125477033E-5
0.00022989562738517
0.00018391650190813
0.00032185387833923
9.1958250954067E-5
9.1958250954067E-5
9.1958250954067E-5
4.5979125477033E-5
0.00018391650190813
4.5979125477033E-5
4.5979125477033E-5
4.5979125477033E-5
4.5979125477033E-5
4.5979125477033E-5
0.00018391650190813
0.0001379373764311
9.1958250954067E-5
4.5979125477033E-5
4.5979125477033E-5
4.5979125477033E-5
9.1958250954067E-5
4.5979125477033E-5
4.5979125477033E-5
4.5979125477033E-5
4.5979125477033E-5
4.5979125477033E-5
4.5979125477033E-5
4.5979125477033E-5
4.5979125477033E-5
9.1958250954067E-5
9.1958250954067E-5
9.1958250954067E-5
0.00022989562738517
9.1958250954067E-5
4.5979125477033E-5
0.0001379373764311
4.5979125477033E-5
4.5979125477033E-5
9.1958250954067E-5
9.1958250954067E-5
4.5979125477033E-5
4.5979125477033E-5
0.0001379373764311
4.5979125477033E-5
4.5979125477033E-5
9.1958250954067E-5
9.1958250954067E-5
9.1958250954067E-5
4.5979125477033E-5
9.1958250954067E-5
4.5979125477033E-5
9.1958250954067E-5
0.00022989562738517
4.5979125477033E-5
9.1958250954067E-5
9.1958250954067E-5
0.0001379373764311
4.5979125477033E-5
4.5979125477033E-5
0.0001379373764311
0.001379373764311
0.00050577038024737
0.0001379373764311
0.0001379373764311
9.1958250954067E-5
0.0001379373764311
9.1958250954067E-5
9.1958250954067E-5
9.1958250954067E-5
4.5979125477033E-5
4.5979125477033E-5
4.5979125477033E-5
0.0001379373764311
9.1958250954067E-5
4.5979125477033E-5
4.5979125477033E-5
4.5979125477033E-5
9.1958250954067E-5
0.0001379373764311
4.5979125477033E-5
9.1958250954067E-5
4.5979125477033E-5
0.0001379373764311
4.5979125477033E-5
4.5979125477033E-5
4.5979125477033E-5
9.1958250954067E-5
4.5979125477033E-5
0.0001379373764311
0.00022989562738517
9.1958250954067E-5
0.0001379373764311
4.5979125477033E-5
4.5979125477033E-5
0.0001379373764311
0.00045979125477033
0.00018391650190813
9.1958250954067E-5
9.1958250954067E-5
0.0001379373764311
9.1958250954067E-5
0.0001379373764311
4.5979125477033E-5
4.5979125477033E-5
4.5979125477033E-5
4.5979125477033E-5
4.5979125477033E-5
9.1958250954067E-5
4.5979125477033E-5
4.5979125477033E-5
4.5979125477033E-5
0.00050577038024737
0.00018391650190813
4.5979125477033E-5
0.0001379373764311
9.1958250954067E-5
0.0002758747528622
0.00018391650190813
0.00022989562738517
9.1958250954067E-5
0.0002758747528622
0.0002758747528622
0.00022989562738517
0.00022989562738517
0.00018391650190813
0.0001379373764311
9.1958250954067E-5
0.00032185387833923
0.00022989562738517
0.00022989562738517
0.0001379373764311
0.00022989562738517
0.0001379373764311
0.00032185387833923
0.0001379373764311
0.0001379373764311
4.5979125477033E-5
4.5979125477033E-5
4.5979125477033E-5
0.0002758747528622
0.00018391650190813
4.5979125477033E-5
4.5979125477033E-5
4.5979125477033E-5
4.5979125477033E-5
0.0001379373764311
4.5979125477033E-5
4.5979125477033E-5
9.1958250954067E-5
9.1958250954067E-5
4.5979125477033E-5
4.5979125477033E-5
4.5979125477033E-5
4.5979125477033E-5
0.00018391650190813
0.00045979125477033
0.0001379373764311
4.5979125477033E-5
4.5979125477033E-5
9.1958250954067E-5
9.1958250954067E-5
9.1958250954067E-5
9.1958250954067E-5
4.5979125477033E-5
9.1958250954067E-5
9.1958250954067E-5
0.00032185387833923
4.5979125477033E-5
9.1958250954067E-5
4.5979125477033E-5
4.5979125477033E-5
4.5979125477033E-5
4.5979125477033E-5
4.5979125477033E-5
4.5979125477033E-5
4.5979125477033E-5
9.1958250954067E-5
9.1958250954067E-5
9.1958250954067E-5
0.0001379373764311
9.1958250954067E-5
4.5979125477033E-5
4.5979125477033E-5
4.5979125477033E-5
9.1958250954067E-5
9.1958250954067E-5
9.1958250954067E-5
9.1958250954067E-5
4.5979125477033E-5
4.5979125477033E-5
0.0001379373764311
4.5979125477033E-5
0.00018391650190813
9.1958250954067E-5
0.0001379373764311
4.5979125477033E-5
4.5979125477033E-5
4.5979125477033E-5
4.5979125477033E-5
0.0001379373764311
4.5979125477033E-5
4.5979125477033E-5
0.0001379373764311
9.1958250954067E-5
0.0001379373764311
9.1958250954067E-5
9.1958250954067E-5
4.5979125477033E-5
0.00018391650190813
4.5979125477033E-5
0.0001379373764311
4.5979125477033E-5
9.1958250954067E-5
4.5979125477033E-5
4.5979125477033E-5
9.1958250954067E-5
4.5979125477033E-5
4.5979125477033E-5
0.0001379373764311
4.5979125477033E-5
4.5979125477033E-5
4.5979125477033E-5
4.5979125477033E-5
9.1958250954067E-5
9.1958250954067E-5
0.0001379373764311
9.1958250954067E-5
0.0001379373764311
9.1958250954067E-5
0.00036783300381627
0.0001379373764311
0.0001379373764311
9.1958250954067E-5
9.1958250954067E-5
0.0001379373764311
9.1958250954067E-5
9.1958250954067E-5
9.1958250954067E-5
0.00018391650190813
9.1958250954067E-5
9.1958250954067E-5
9.1958250954067E-5
9.1958250954067E-5
9.1958250954067E-5
9.1958250954067E-5
9.1958250954067E-5
9.1958250954067E-5
9.1958250954067E-5
9.1958250954067E-5
9.1958250954067E-5
9.1958250954067E-5
0.0001379373764311
0.0001379373764311
9.1958250954067E-5
0.00022989562738517
4.5979125477033E-5
4.5979125477033E-5
4.5979125477033E-5
4.5979125477033E-5
0.0008276242585866
4.5979125477033E-5
4.5979125477033E-5
4.5979125477033E-5
4.5979125477033E-5
4.5979125477033E-5
4.5979125477033E-5
4.5979125477033E-5
9.1958250954067E-5
0.00022989562738517
4.5979125477033E-5
0.0001379373764311
0.0001379373764311
4.5979125477033E-5
0.0001379373764311
9.1958250954067E-5
0.00018391650190813
4.5979125477033E-5
4.5979125477033E-5
4.5979125477033E-5
0.00022989562738517
9.1958250954067E-5
0.0004138121292933
0.0001379373764311
9.1958250954067E-5
9.1958250954067E-5
9.1958250954067E-5
4.5979125477033E-5
9.1958250954067E-5
0.00018391650190813
4.5979125477033E-5
9.1958250954067E-5
4.5979125477033E-5
9.1958250954067E-5
9.1958250954067E-5
4.5979125477033E-5
4.5979125477033E-5
0.00022989562738517
4.5979125477033E-5
4.5979125477033E-5
4.5979125477033E-5
9.1958250954067E-5
4.5979125477033E-5
0.00022989562738517
9.1958250954067E-5
4.5979125477033E-5
9.1958250954067E-5
4.5979125477033E-5
4.5979125477033E-5
4.5979125477033E-5
4.5979125477033E-5
4.5979125477033E-5
4.5979125477033E-5
4.5979125477033E-5
0.0001379373764311
9.1958250954067E-5
9.1958250954067E-5
9.1958250954067E-5
9.1958250954067E-5
9.1958250954067E-5
4.5979125477033E-5
0.0002758747528622
4.5979125477033E-5
4.5979125477033E-5
0.0001379373764311
4.5979125477033E-5
4.5979125477033E-5
0.0001379373764311
4.5979125477033E-5
9.1958250954067E-5
4.5979125477033E-5
9.1958250954067E-5
0.00022989562738517
9.1958250954067E-5
9.1958250954067E-5
9.1958250954067E-5
0.0001379373764311
9.1958250954067E-5
4.5979125477033E-5
4.5979125477033E-5
4.5979125477033E-5
0.0001379373764311
4.5979125477033E-5
4.5979125477033E-5
4.5979125477033E-5
0.00018391650190813
9.1958250954067E-5
4.5979125477033E-5
9.1958250954067E-5
4.5979125477033E-5
4.5979125477033E-5
9.1958250954067E-5
9.1958250954067E-5
9.1958250954067E-5
4.5979125477033E-5
4.5979125477033E-5
4.5979125477033E-5
4.5979125477033E-5
4.5979125477033E-5
9.1958250954067E-5
9.1958250954067E-5
4.5979125477033E-5
4.5979125477033E-5
4.5979125477033E-5
4.5979125477033E-5
0.0002758747528622
4.5979125477033E-5
4.5979125477033E-5
4.5979125477033E-5
4.5979125477033E-5
4.5979125477033E-5
4.5979125477033E-5
4.5979125477033E-5
4.5979125477033E-5
4.5979125477033E-5
4.5979125477033E-5
4.5979125477033E-5
4.5979125477033E-5
0.00018391650190813
9.1958250954067E-5
4.5979125477033E-5
4.5979125477033E-5
9.1958250954067E-5
9.1958250954067E-5
9.1958250954067E-5
0.0001379373764311
4.5979125477033E-5
4.5979125477033E-5
4.5979125477033E-5
9.1958250954067E-5
0.0001379373764311
4.5979125477033E-5
4.5979125477033E-5
9.1958250954067E-5
4.5979125477033E-5
4.5979125477033E-5
9.1958250954067E-5
9.1958250954067E-5
4.5979125477033E-5
4.5979125477033E-5
4.5979125477033E-5
9.1958250954067E-5
4.5979125477033E-5
9.1958250954067E-5
9.1958250954067E-5
4.5979125477033E-5
4.5979125477033E-5
4.5979125477033E-5
4.5979125477033E-5
4.5979125477033E-5
4.5979125477033E-5
4.5979125477033E-5
4.5979125477033E-5
4.5979125477033E-5
4.5979125477033E-5
9.1958250954067E-5
4.5979125477033E-5
4.5979125477033E-5
0.0001379373764311
4.5979125477033E-5
4.5979125477033E-5
4.5979125477033E-5
9.1958250954067E-5
4.5979125477033E-5
0.0001379373764311
9.1958250954067E-5
9.1958250954067E-5
4.5979125477033E-5
4.5979125477033E-5
4.5979125477033E-5
4.5979125477033E-5
4.5979125477033E-5
0.0001379373764311
4.5979125477033E-5
4.5979125477033E-5
0.0001379373764311
4.5979125477033E-5
0.0001379373764311
0.00022989562738517
4.5979125477033E-5
4.5979125477033E-5
4.5979125477033E-5
4.5979125477033E-5
0.00018391650190813
4.5979125477033E-5
9.1958250954067E-5
0.0001379373764311
4.5979125477033E-5
4.5979125477033E-5
9.1958250954067E-5
0.0001379373764311
9.1958250954067E-5
4.5979125477033E-5
9.1958250954067E-5
4.5979125477033E-5
4.5979125477033E-5
4.5979125477033E-5
9.1958250954067E-5
4.5979125477033E-5
4.5979125477033E-5
4.5979125477033E-5
9.1958250954067E-5
4.5979125477033E-5
4.5979125477033E-5
4.5979125477033E-5
9.1958250954067E-5
4.5979125477033E-5
4.5979125477033E-5
4.5979125477033E-5
4.5979125477033E-5
9.1958250954067E-5
4.5979125477033E-5
0.00073566600763253
9.1958250954067E-5
4.5979125477033E-5
9.1958250954067E-5
9.1958250954067E-5
4.5979125477033E-5
9.1958250954067E-5
4.5979125477033E-5
9.1958250954067E-5
9.1958250954067E-5
0.0002758747528622
4.5979125477033E-5
0.0001379373764311
9.1958250954067E-5
9.1958250954067E-5
9.1958250954067E-5
4.5979125477033E-5
4.5979125477033E-5
9.1958250954067E-5
4.5979125477033E-5
4.5979125477033E-5
4.5979125477033E-5
4.5979125477033E-5
4.5979125477033E-5
9.1958250954067E-5
4.5979125477033E-5
4.5979125477033E-5
4.5979125477033E-5
0.0001379373764311
4.5979125477033E-5
4.5979125477033E-5
9.1958250954067E-5
9.1958250954067E-5
0.0001379373764311
9.1958250954067E-5
0.00018391650190813
0.0001379373764311
0.00022989562738517
0.0001379373764311
9.1958250954067E-5
4.5979125477033E-5
4.5979125477033E-5
9.1958250954067E-5
9.1958250954067E-5
9.1958250954067E-5
9.1958250954067E-5
9.1958250954067E-5
9.1958250954067E-5
4.5979125477033E-5
4.5979125477033E-5
0.0001379373764311
4.5979125477033E-5
4.5979125477033E-5
4.5979125477033E-5
4.5979125477033E-5
4.5979125477033E-5
4.5979125477033E-5
4.5979125477033E-5
9.1958250954067E-5
4.5979125477033E-5
4.5979125477033E-5
0.0001379373764311
9.1958250954067E-5
9.1958250954067E-5
9.1958250954067E-5
4.5979125477033E-5
4.5979125477033E-5
4.5979125477033E-5
9.1958250954067E-5
9.1958250954067E-5
4.5979125477033E-5
9.1958250954067E-5
4.5979125477033E-5
4.5979125477033E-5
4.5979125477033E-5
4.5979125477033E-5
0.0001379373764311
9.1958250954067E-5
0.0001379373764311
9.1958250954067E-5
4.5979125477033E-5
4.5979125477033E-5
4.5979125477033E-5
4.5979125477033E-5
4.5979125477033E-5
4.5979125477033E-5
9.1958250954067E-5
4.5979125477033E-5
9.1958250954067E-5
4.5979125477033E-5
4.5979125477033E-5
0.0001379373764311
9.1958250954067E-5
4.5979125477033E-5
4.5979125477033E-5
4.5979125477033E-5
9.1958250954067E-5
4.5979125477033E-5
4.5979125477033E-5
0.00018391650190813
9.1958250954067E-5
9.1958250954067E-5
0.0001379373764311
9.1958250954067E-5
9.1958250954067E-5
9.1958250954067E-5
9.1958250954067E-5
0.0001379373764311
4.5979125477033E-5
4.5979125477033E-5
0.00018391650190813
0.0001379373764311
0.0001379373764311
9.1958250954067E-5
9.1958250954067E-5
9.1958250954067E-5
9.1958250954067E-5
9.1958250954067E-5
9.1958250954067E-5
9.1958250954067E-5
0.00018391650190813
0.0001379373764311
9.1958250954067E-5
9.1958250954067E-5
9.1958250954067E-5
9.1958250954067E-5
0.0001379373764311
9.1958250954067E-5
0.00018391650190813
9.1958250954067E-5
0.00032185387833923
4.5979125477033E-5
9.1958250954067E-5
0.0001379373764311
9.1958250954067E-5
9.1958250954067E-5
9.1958250954067E-5
9.1958250954067E-5
9.1958250954067E-5
9.1958250954067E-5
4.5979125477033E-5
4.5979125477033E-5
9.1958250954067E-5
9.1958250954067E-5
0.0001379373764311
9.1958250954067E-5
9.1958250954067E-5
9.1958250954067E-5
9.1958250954067E-5
9.1958250954067E-5
9.1958250954067E-5
4.5979125477033E-5
9.1958250954067E-5
9.1958250954067E-5
9.1958250954067E-5
4.5979125477033E-5
4.5979125477033E-5
4.5979125477033E-5
0.0001379373764311
0.00018391650190813
9.1958250954067E-5
9.1958250954067E-5
4.5979125477033E-5
4.5979125477033E-5
9.1958250954067E-5
0.0001379373764311
0.0001379373764311
4.5979125477033E-5
4.5979125477033E-5
4.5979125477033E-5
4.5979125477033E-5
9.1958250954067E-5
9.1958250954067E-5
9.1958250954067E-5
9.1958250954067E-5
9.1958250954067E-5
0.0001379373764311
9.1958250954067E-5
9.1958250954067E-5
4.5979125477033E-5
0.0001379373764311
9.1958250954067E-5
9.1958250954067E-5
9.1958250954067E-5
9.1958250954067E-5
9.1958250954067E-5
0.0001379373764311
9.1958250954067E-5
9.1958250954067E-5
9.1958250954067E-5
9.1958250954067E-5
9.1958250954067E-5
0.00036783300381627
0.0001379373764311
9.1958250954067E-5
9.1958250954067E-5
0.0001379373764311
9.1958250954067E-5
9.1958250954067E-5
9.1958250954067E-5
4.5979125477033E-5
4.5979125477033E-5
9.1958250954067E-5
4.5979125477033E-5
9.1958250954067E-5
9.1958250954067E-5
9.1958250954067E-5
0.00018391650190813
9.1958250954067E-5
0.0001379373764311
9.1958250954067E-5
9.1958250954067E-5
0.00018391650190813
9.1958250954067E-5
0.00018391650190813
0.00018391650190813
9.1958250954067E-5
9.1958250954067E-5
9.1958250954067E-5
0.00018391650190813
9.1958250954067E-5
9.1958250954067E-5
4.5979125477033E-5
0.0001379373764311
0.0001379373764311
9.1958250954067E-5
4.5979125477033E-5
0.0001379373764311
4.5979125477033E-5
4.5979125477033E-5
4.5979125477033E-5
4.5979125477033E-5
9.1958250954067E-5
9.1958250954067E-5
9.1958250954067E-5
0.0001379373764311
4.5979125477033E-5
9.1958250954067E-5
9.1958250954067E-5
0.0001379373764311
9.1958250954067E-5
9.1958250954067E-5
9.1958250954067E-5
9.1958250954067E-5
0.0001379373764311
0.0001379373764311
9.1958250954067E-5
9.1958250954067E-5
4.5979125477033E-5
4.5979125477033E-5
9.1958250954067E-5
4.5979125477033E-5
4.5979125477033E-5
4.5979125477033E-5
9.1958250954067E-5
9.1958250954067E-5
0.0001379373764311
9.1958250954067E-5
4.5979125477033E-5
9.1958250954067E-5
9.1958250954067E-5
9.1958250954067E-5
9.1958250954067E-5
0.0001379373764311
9.1958250954067E-5
4.5979125477033E-5
9.1958250954067E-5
0.0001379373764311
9.1958250954067E-5
9.1958250954067E-5
4.5979125477033E-5
9.1958250954067E-5
0.00022989562738517
4.5979125477033E-5
9.1958250954067E-5
4.5979125477033E-5
4.5979125477033E-5
4.5979125477033E-5
0.0001379373764311
9.1958250954067E-5
9.1958250954067E-5
9.1958250954067E-5
9.1958250954067E-5
9.1958250954067E-5
9.1958250954067E-5
9.1958250954067E-5
4.5979125477033E-5
4.5979125477033E-5
4.5979125477033E-5
4.5979125477033E-5
4.5979125477033E-5
9.1958250954067E-5
9.1958250954067E-5
4.5979125477033E-5
4.5979125477033E-5
9.1958250954067E-5
9.1958250954067E-5
9.1958250954067E-5
4.5979125477033E-5
4.5979125477033E-5
4.5979125477033E-5
9.1958250954067E-5
4.5979125477033E-5
9.1958250954067E-5
9.1958250954067E-5
9.1958250954067E-5
9.1958250954067E-5
9.1958250954067E-5
0.0001379373764311
9.1958250954067E-5
9.1958250954067E-5
9.1958250954067E-5
9.1958250954067E-5
9.1958250954067E-5
4.5979125477033E-5
4.5979125477033E-5
0.00018391650190813
4.5979125477033E-5
4.5979125477033E-5
9.1958250954067E-5
4.5979125477033E-5
0.0001379373764311
9.1958250954067E-5
4.5979125477033E-5
4.5979125477033E-5
0.00018391650190813
9.1958250954067E-5
9.1958250954067E-5
4.5979125477033E-5
4.5979125477033E-5
9.1958250954067E-5
0.0001379373764311
9.1958250954067E-5
0.00022989562738517
9.1958250954067E-5
9.1958250954067E-5
9.1958250954067E-5
9.1958250954067E-5
9.1958250954067E-5
9.1958250954067E-5
9.1958250954067E-5
4.5979125477033E-5
4.5979125477033E-5
9.1958250954067E-5
9.1958250954067E-5
9.1958250954067E-5
9.1958250954067E-5
9.1958250954067E-5
9.1958250954067E-5
9.1958250954067E-5
9.1958250954067E-5
9.1958250954067E-5
9.1958250954067E-5
0.0002758747528622
9.1958250954067E-5
9.1958250954067E-5
0.0001379373764311
0.0001379373764311
9.1958250954067E-5
9.1958250954067E-5
9.1958250954067E-5
9.1958250954067E-5
9.1958250954067E-5
9.1958250954067E-5
9.1958250954067E-5
9.1958250954067E-5
9.1958250954067E-5
9.1958250954067E-5
4.5979125477033E-5
9.1958250954067E-5
9.1958250954067E-5
4.5979125477033E-5
0.0001379373764311
9.1958250954067E-5
9.1958250954067E-5
9.1958250954067E-5
9.1958250954067E-5
0.0001379373764311
9.1958250954067E-5
9.1958250954067E-5
9.1958250954067E-5
9.1958250954067E-5
4.5979125477033E-5
0.00018391650190813
4.5979125477033E-5
4.5979125477033E-5
4.5979125477033E-5
4.5979125477033E-5
9.1958250954067E-5
9.1958250954067E-5
9.1958250954067E-5
9.1958250954067E-5
9.1958250954067E-5
9.1958250954067E-5
0.0001379373764311
0.0001379373764311
4.5979125477033E-5
4.5979125477033E-5
4.5979125477033E-5
4.5979125477033E-5
4.5979125477033E-5
9.1958250954067E-5
4.5979125477033E-5
4.5979125477033E-5
4.5979125477033E-5
9.1958250954067E-5
9.1958250954067E-5
4.5979125477033E-5
9.1958250954067E-5
4.5979125477033E-5
9.1958250954067E-5
0.00018391650190813
0.00022989562738517
9.1958250954067E-5
9.1958250954067E-5
9.1958250954067E-5
0.0001379373764311
9.1958250954067E-5
9.1958250954067E-5
9.1958250954067E-5
4.5979125477033E-5
4.5979125477033E-5
4.5979125477033E-5
4.5979125477033E-5
4.5979125477033E-5
9.1958250954067E-5
9.1958250954067E-5
9.1958250954067E-5
9.1958250954067E-5
9.1958250954067E-5
9.1958250954067E-5
9.1958250954067E-5
9.1958250954067E-5
9.1958250954067E-5
9.1958250954067E-5
9.1958250954067E-5
0.0001379373764311
9.1958250954067E-5
9.1958250954067E-5
0.0001379373764311
0.0001379373764311
9.1958250954067E-5
9.1958250954067E-5
9.1958250954067E-5
9.1958250954067E-5
9.1958250954067E-5
9.1958250954067E-5
4.5979125477033E-5
4.5979125477033E-5
9.1958250954067E-5
0.0001379373764311
4.5979125477033E-5
4.5979125477033E-5
4.5979125477033E-5
9.1958250954067E-5
9.1958250954067E-5
4.5979125477033E-5
4.5979125477033E-5
4.5979125477033E-5
4.5979125477033E-5
4.5979125477033E-5
4.5979125477033E-5
4.5979125477033E-5
9.1958250954067E-5
4.5979125477033E-5
4.5979125477033E-5
4.5979125477033E-5
4.5979125477033E-5
4.5979125477033E-5
4.5979125477033E-5
9.1958250954067E-5
9.1958250954067E-5
9.1958250954067E-5
9.1958250954067E-5
9.1958250954067E-5
9.1958250954067E-5
4.5979125477033E-5
9.1958250954067E-5
9.1958250954067E-5
9.1958250954067E-5
9.1958250954067E-5
9.1958250954067E-5
9.1958250954067E-5
4.5979125477033E-5
4.5979125477033E-5
0.0001379373764311
9.1958250954067E-5
4.5979125477033E-5
9.1958250954067E-5
9.1958250954067E-5
9.1958250954067E-5
9.1958250954067E-5
9.1958250954067E-5
9.1958250954067E-5
9.1958250954067E-5
9.1958250954067E-5
4.5979125477033E-5
9.1958250954067E-5
9.1958250954067E-5
4.5979125477033E-5
4.5979125477033E-5
4.5979125477033E-5
9.1958250954067E-5
9.1958250954067E-5
9.1958250954067E-5
9.1958250954067E-5
9.1958250954067E-5
0.0001379373764311
9.1958250954067E-5
9.1958250954067E-5
9.1958250954067E-5
9.1958250954067E-5
9.1958250954067E-5
4.5979125477033E-5
9.1958250954067E-5
4.5979125477033E-5
4.5979125477033E-5
4.5979125477033E-5
9.1958250954067E-5
9.1958250954067E-5
9.1958250954067E-5
9.1958250954067E-5
9.1958250954067E-5
9.1958250954067E-5
4.5979125477033E-5
4.5979125477033E-5
4.5979125477033E-5
4.5979125477033E-5
4.5979125477033E-5
9.1958250954067E-5
9.1958250954067E-5
9.1958250954067E-5
9.1958250954067E-5
4.5979125477033E-5
9.1958250954067E-5
4.5979125477033E-5
9.1958250954067E-5
9.1958250954067E-5
9.1958250954067E-5
9.1958250954067E-5
4.5979125477033E-5
4.5979125477033E-5
4.5979125477033E-5
4.5979125477033E-5
0.0001379373764311
9.1958250954067E-5
9.1958250954067E-5
4.5979125477033E-5
4.5979125477033E-5
4.5979125477033E-5
4.5979125477033E-5
4.5979125477033E-5
4.5979125477033E-5
4.5979125477033E-5
4.5979125477033E-5
4.5979125477033E-5
4.5979125477033E-5
4.5979125477033E-5
4.5979125477033E-5
4.5979125477033E-5
4.5979125477033E-5
4.5979125477033E-5
4.5979125477033E-5
4.5979125477033E-5
4.5979125477033E-5
4.5979125477033E-5
4.5979125477033E-5
4.5979125477033E-5
4.5979125477033E-5
4.5979125477033E-5
4.5979125477033E-5
4.5979125477033E-5
4.5979125477033E-5
4.5979125477033E-5
4.5979125477033E-5
4.5979125477033E-5
4.5979125477033E-5
4.5979125477033E-5
4.5979125477033E-5
4.5979125477033E-5
4.5979125477033E-5
4.5979125477033E-5
4.5979125477033E-5
4.5979125477033E-5
4.5979125477033E-5
4.5979125477033E-5
4.5979125477033E-5
4.5979125477033E-5
4.5979125477033E-5
4.5979125477033E-5
4.5979125477033E-5
4.5979125477033E-5
4.5979125477033E-5
4.5979125477033E-5
4.5979125477033E-5
4.5979125477033E-5
4.5979125477033E-5
4.5979125477033E-5
4.5979125477033E-5
4.5979125477033E-5
4.5979125477033E-5
4.5979125477033E-5
4.5979125477033E-5
4.5979125477033E-5
4.5979125477033E-5
4.5979125477033E-5
4.5979125477033E-5
4.5979125477033E-5
4.5979125477033E-5
4.5979125477033E-5
4.5979125477033E-5
4.5979125477033E-5
4.5979125477033E-5
4.5979125477033E-5
4.5979125477033E-5
4.5979125477033E-5
4.5979125477033E-5
4.5979125477033E-5
4.5979125477033E-5
4.5979125477033E-5
4.5979125477033E-5
4.5979125477033E-5
4.5979125477033E-5
4.5979125477033E-5
4.5979125477033E-5
4.5979125477033E-5
4.5979125477033E-5
4.5979125477033E-5
4.5979125477033E-5
4.5979125477033E-5
4.5979125477033E-5
4.5979125477033E-5
4.5979125477033E-5
4.5979125477033E-5
4.5979125477033E-5
4.5979125477033E-5
4.5979125477033E-5
4.5979125477033E-5
4.5979125477033E-5
4.5979125477033E-5
4.5979125477033E-5
4.5979125477033E-5
4.5979125477033E-5
4.5979125477033E-5
4.5979125477033E-5
4.5979125477033E-5
4.5979125477033E-5
4.5979125477033E-5
4.5979125477033E-5
4.5979125477033E-5
4.5979125477033E-5
4.5979125477033E-5
4.5979125477033E-5
4.5979125477033E-5
4.5979125477033E-5
4.5979125477033E-5
4.5979125477033E-5
4.5979125477033E-5
4.5979125477033E-5
4.5979125477033E-5
4.5979125477033E-5
4.5979125477033E-5
4.5979125477033E-5
4.5979125477033E-5
4.5979125477033E-5
4.5979125477033E-5
4.5979125477033E-5
4.5979125477033E-5
4.5979125477033E-5
4.5979125477033E-5
4.5979125477033E-5
4.5979125477033E-5
4.5979125477033E-5
4.5979125477033E-5
4.5979125477033E-5
4.5979125477033E-5
4.5979125477033E-5
4.5979125477033E-5
4.5979125477033E-5
4.5979125477033E-5
4.5979125477033E-5
4.5979125477033E-5
4.5979125477033E-5
4.5979125477033E-5
4.5979125477033E-5
4.5979125477033E-5
4.5979125477033E-5
4.5979125477033E-5
4.5979125477033E-5
4.5979125477033E-5
4.5979125477033E-5
4.5979125477033E-5
4.5979125477033E-5
4.5979125477033E-5
4.5979125477033E-5
4.5979125477033E-5
4.5979125477033E-5
4.5979125477033E-5
4.5979125477033E-5
4.5979125477033E-5
4.5979125477033E-5
4.5979125477033E-5
4.5979125477033E-5
4.5979125477033E-5
4.5979125477033E-5
4.5979125477033E-5
4.5979125477033E-5
4.5979125477033E-5
4.5979125477033E-5
4.5979125477033E-5
4.5979125477033E-5
4.5979125477033E-5
4.5979125477033E-5
4.5979125477033E-5
4.5979125477033E-5
4.5979125477033E-5
4.5979125477033E-5
4.5979125477033E-5
4.5979125477033E-5
4.5979125477033E-5
4.5979125477033E-5
4.5979125477033E-5
4.5979125477033E-5
4.5979125477033E-5
4.5979125477033E-5
4.5979125477033E-5
4.5979125477033E-5
4.5979125477033E-5
4.5979125477033E-5
4.5979125477033E-5
4.5979125477033E-5
4.5979125477033E-5
4.5979125477033E-5
4.5979125477033E-5
4.5979125477033E-5
4.5979125477033E-5
4.5979125477033E-5
4.5979125477033E-5
4.5979125477033E-5
4.5979125477033E-5
4.5979125477033E-5
4.5979125477033E-5
4.5979125477033E-5
4.5979125477033E-5
4.5979125477033E-5
4.5979125477033E-5
4.5979125477033E-5
4.5979125477033E-5
4.5979125477033E-5
4.5979125477033E-5
4.5979125477033E-5
4.5979125477033E-5
4.5979125477033E-5
4.5979125477033E-5
4.5979125477033E-5
4.5979125477033E-5
4.5979125477033E-5
4.5979125477033E-5
4.5979125477033E-5
4.5979125477033E-5
4.5979125477033E-5
4.5979125477033E-5
4.5979125477033E-5
4.5979125477033E-5
4.5979125477033E-5
4.5979125477033E-5
4.5979125477033E-5
4.5979125477033E-5
4.5979125477033E-5
4.5979125477033E-5
4.5979125477033E-5
4.5979125477033E-5
4.5979125477033E-5
4.5979125477033E-5
4.5979125477033E-5
4.5979125477033E-5
4.5979125477033E-5
4.5979125477033E-5
4.5979125477033E-5
4.5979125477033E-5
4.5979125477033E-5
4.5979125477033E-5
4.5979125477033E-5
4.5979125477033E-5
4.5979125477033E-5
4.5979125477033E-5
4.5979125477033E-5
4.5979125477033E-5
4.5979125477033E-5
4.5979125477033E-5
4.5979125477033E-5
4.5979125477033E-5
4.5979125477033E-5
4.5979125477033E-5
4.5979125477033E-5
4.5979125477033E-5
4.5979125477033E-5
4.5979125477033E-5
4.5979125477033E-5
4.5979125477033E-5
4.5979125477033E-5
4.5979125477033E-5
4.5979125477033E-5
4.5979125477033E-5
4.5979125477033E-5
4.5979125477033E-5
4.5979125477033E-5
4.5979125477033E-5
4.5979125477033E-5
4.5979125477033E-5
4.5979125477033E-5
4.5979125477033E-5
4.5979125477033E-5
4.5979125477033E-5
4.5979125477033E-5
4.5979125477033E-5
4.5979125477033E-5
4.5979125477033E-5
4.5979125477033E-5
4.5979125477033E-5
4.5979125477033E-5
4.5979125477033E-5
4.5979125477033E-5
4.5979125477033E-5
4.5979125477033E-5
4.5979125477033E-5
4.5979125477033E-5
4.5979125477033E-5
4.5979125477033E-5
4.5979125477033E-5
4.5979125477033E-5
4.5979125477033E-5
4.5979125477033E-5
4.5979125477033E-5
4.5979125477033E-5
4.5979125477033E-5
4.5979125477033E-5
4.5979125477033E-5
4.5979125477033E-5
4.5979125477033E-5
4.5979125477033E-5
4.5979125477033E-5
4.5979125477033E-5
4.5979125477033E-5
4.5979125477033E-5
4.5979125477033E-5
4.5979125477033E-5
4.5979125477033E-5
4.5979125477033E-5
4.5979125477033E-5
4.5979125477033E-5
4.5979125477033E-5
4.5979125477033E-5
4.5979125477033E-5
4.5979125477033E-5
4.5979125477033E-5
4.5979125477033E-5
4.5979125477033E-5
4.5979125477033E-5
4.5979125477033E-5
4.5979125477033E-5
4.5979125477033E-5
4.5979125477033E-5
4.5979125477033E-5
4.5979125477033E-5
4.5979125477033E-5
4.5979125477033E-5
4.5979125477033E-5
4.5979125477033E-5
4.5979125477033E-5
4.5979125477033E-5
4.5979125477033E-5
4.5979125477033E-5
4.5979125477033E-5
4.5979125477033E-5
4.5979125477033E-5
4.5979125477033E-5
4.5979125477033E-5
4.5979125477033E-5
4.5979125477033E-5
4.5979125477033E-5
4.5979125477033E-5
4.5979125477033E-5
4.5979125477033E-5
4.5979125477033E-5
4.5979125477033E-5
4.5979125477033E-5
4.5979125477033E-5
4.5979125477033E-5
4.5979125477033E-5
4.5979125477033E-5
4.5979125477033E-5
4.5979125477033E-5
4.5979125477033E-5
4.5979125477033E-5
4.5979125477033E-5
4.5979125477033E-5
4.5979125477033E-5
4.5979125477033E-5
4.5979125477033E-5
4.5979125477033E-5
4.5979125477033E-5
4.5979125477033E-5
4.5979125477033E-5
4.5979125477033E-5
4.5979125477033E-5
4.5979125477033E-5
4.5979125477033E-5
4.5979125477033E-5
4.5979125477033E-5
4.5979125477033E-5
4.5979125477033E-5
4.5979125477033E-5
4.5979125477033E-5
4.5979125477033E-5
4.5979125477033E-5
4.5979125477033E-5
4.5979125477033E-5
4.5979125477033E-5
4.5979125477033E-5
4.5979125477033E-5
4.5979125477033E-5
4.5979125477033E-5
4.5979125477033E-5
4.5979125477033E-5
4.5979125477033E-5
4.5979125477033E-5
4.5979125477033E-5
4.5979125477033E-5
4.5979125477033E-5
4.5979125477033E-5
4.5979125477033E-5
4.5979125477033E-5
4.5979125477033E-5
4.5979125477033E-5
4.5979125477033E-5
4.5979125477033E-5
4.5979125477033E-5
4.5979125477033E-5
4.5979125477033E-5
4.5979125477033E-5
4.5979125477033E-5
4.5979125477033E-5
4.5979125477033E-5
4.5979125477033E-5
4.5979125477033E-5
4.5979125477033E-5
4.5979125477033E-5
4.5979125477033E-5
4.5979125477033E-5
4.5979125477033E-5
4.5979125477033E-5
4.5979125477033E-5
4.5979125477033E-5
4.5979125477033E-5
4.5979125477033E-5
4.5979125477033E-5
4.5979125477033E-5
4.5979125477033E-5
4.5979125477033E-5
4.5979125477033E-5
4.5979125477033E-5
4.5979125477033E-5
4.5979125477033E-5
4.5979125477033E-5
4.5979125477033E-5
4.5979125477033E-5
4.5979125477033E-5
4.5979125477033E-5
4.5979125477033E-5
4.5979125477033E-5
4.5979125477033E-5
4.5979125477033E-5
4.5979125477033E-5
4.5979125477033E-5
4.5979125477033E-5
4.5979125477033E-5
4.5979125477033E-5
4.5979125477033E-5
4.5979125477033E-5
4.5979125477033E-5
4.5979125477033E-5
4.5979125477033E-5
4.5979125477033E-5
4.5979125477033E-5
4.5979125477033E-5
4.5979125477033E-5
4.5979125477033E-5
4.5979125477033E-5
4.5979125477033E-5
4.5979125477033E-5
4.5979125477033E-5
4.5979125477033E-5
4.5979125477033E-5
4.5979125477033E-5
4.5979125477033E-5
4.5979125477033E-5
4.5979125477033E-5
4.5979125477033E-5
4.5979125477033E-5
4.5979125477033E-5
4.5979125477033E-5
4.5979125477033E-5
4.5979125477033E-5
4.5979125477033E-5
4.5979125477033E-5
4.5979125477033E-5
4.5979125477033E-5
4.5979125477033E-5
4.5979125477033E-5
4.5979125477033E-5
4.5979125477033E-5
4.5979125477033E-5
4.5979125477033E-5
4.5979125477033E-5
4.5979125477033E-5
4.5979125477033E-5
4.5979125477033E-5
4.5979125477033E-5
4.5979125477033E-5
4.5979125477033E-5
4.5979125477033E-5
4.5979125477033E-5
4.5979125477033E-5
4.5979125477033E-5
4.5979125477033E-5
4.5979125477033E-5
4.5979125477033E-5
4.5979125477033E-5
4.5979125477033E-5
4.5979125477033E-5
4.5979125477033E-5
4.5979125477033E-5
4.5979125477033E-5
4.5979125477033E-5
4.5979125477033E-5
4.5979125477033E-5
4.5979125477033E-5
4.5979125477033E-5
4.5979125477033E-5
4.5979125477033E-5
4.5979125477033E-5
4.5979125477033E-5
4.5979125477033E-5
4.5979125477033E-5
4.5979125477033E-5
4.5979125477033E-5
4.5979125477033E-5
4.5979125477033E-5
4.5979125477033E-5
4.5979125477033E-5
4.5979125477033E-5
4.5979125477033E-5
4.5979125477033E-5
4.5979125477033E-5
4.5979125477033E-5
4.5979125477033E-5
4.5979125477033E-5
4.5979125477033E-5
4.5979125477033E-5
4.5979125477033E-5
4.5979125477033E-5
4.5979125477033E-5
4.5979125477033E-5
4.5979125477033E-5
4.5979125477033E-5
4.5979125477033E-5
4.5979125477033E-5
4.5979125477033E-5
4.5979125477033E-5
4.5979125477033E-5
4.5979125477033E-5
4.5979125477033E-5
4.5979125477033E-5
4.5979125477033E-5
4.5979125477033E-5
4.5979125477033E-5
4.5979125477033E-5
4.5979125477033E-5
4.5979125477033E-5
4.5979125477033E-5
4.5979125477033E-5
4.5979125477033E-5
4.5979125477033E-5
4.5979125477033E-5
4.5979125477033E-5
4.5979125477033E-5
4.5979125477033E-5
4.5979125477033E-5
4.5979125477033E-5
4.5979125477033E-5
4.5979125477033E-5
4.5979125477033E-5
4.5979125477033E-5
4.5979125477033E-5
4.5979125477033E-5
4.5979125477033E-5
4.5979125477033E-5
4.5979125477033E-5
4.5979125477033E-5
4.5979125477033E-5
4.5979125477033E-5
4.5979125477033E-5
4.5979125477033E-5
4.5979125477033E-5
4.5979125477033E-5
4.5979125477033E-5
4.5979125477033E-5
4.5979125477033E-5
4.5979125477033E-5
4.5979125477033E-5
4.5979125477033E-5
4.5979125477033E-5
4.5979125477033E-5
4.5979125477033E-5
4.5979125477033E-5
4.5979125477033E-5
4.5979125477033E-5
4.5979125477033E-5
4.5979125477033E-5
4.5979125477033E-5
4.5979125477033E-5
4.5979125477033E-5
4.5979125477033E-5
4.5979125477033E-5
4.5979125477033E-5
4.5979125477033E-5
4.5979125477033E-5
4.5979125477033E-5
4.5979125477033E-5
4.5979125477033E-5
4.5979125477033E-5
4.5979125477033E-5
4.5979125477033E-5
4.5979125477033E-5
4.5979125477033E-5
4.5979125477033E-5
4.5979125477033E-5
4.5979125477033E-5
4.5979125477033E-5
4.5979125477033E-5
4.5979125477033E-5
4.5979125477033E-5
4.5979125477033E-5
4.5979125477033E-5
4.5979125477033E-5
4.5979125477033E-5
4.5979125477033E-5
4.5979125477033E-5
4.5979125477033E-5
4.5979125477033E-5
4.5979125477033E-5
4.5979125477033E-5
4.5979125477033E-5
4.5979125477033E-5
4.5979125477033E-5
4.5979125477033E-5
4.5979125477033E-5
4.5979125477033E-5
4.5979125477033E-5
4.5979125477033E-5
4.5979125477033E-5
4.5979125477033E-5
4.5979125477033E-5
4.5979125477033E-5
4.5979125477033E-5
4.5979125477033E-5
4.5979125477033E-5
4.5979125477033E-5
4.5979125477033E-5
4.5979125477033E-5
4.5979125477033E-5
4.5979125477033E-5
4.5979125477033E-5
4.5979125477033E-5
4.5979125477033E-5
4.5979125477033E-5
4.5979125477033E-5
4.5979125477033E-5
4.5979125477033E-5
4.5979125477033E-5
4.5979125477033E-5
4.5979125477033E-5
4.5979125477033E-5
4.5979125477033E-5
4.5979125477033E-5
4.5979125477033E-5
4.5979125477033E-5
4.5979125477033E-5
4.5979125477033E-5
4.5979125477033E-5
4.5979125477033E-5
4.5979125477033E-5
4.5979125477033E-5
4.5979125477033E-5
4.5979125477033E-5
4.5979125477033E-5
4.5979125477033E-5
4.5979125477033E-5
4.5979125477033E-5
4.5979125477033E-5
4.5979125477033E-5
4.5979125477033E-5
4.5979125477033E-5
4.5979125477033E-5
4.5979125477033E-5
4.5979125477033E-5
4.5979125477033E-5
4.5979125477033E-5
4.5979125477033E-5
4.5979125477033E-5
4.5979125477033E-5
4.5979125477033E-5
4.5979125477033E-5
4.5979125477033E-5
4.5979125477033E-5
4.5979125477033E-5
4.5979125477033E-5
4.5979125477033E-5
4.5979125477033E-5
4.5979125477033E-5
4.5979125477033E-5
4.5979125477033E-5
4.5979125477033E-5
4.5979125477033E-5
4.5979125477033E-5
4.5979125477033E-5
4.5979125477033E-5
4.5979125477033E-5
4.5979125477033E-5
4.5979125477033E-5
4.5979125477033E-5
4.5979125477033E-5
4.5979125477033E-5
4.5979125477033E-5
4.5979125477033E-5
4.5979125477033E-5
4.5979125477033E-5
4.5979125477033E-5
4.5979125477033E-5
4.5979125477033E-5
4.5979125477033E-5
4.5979125477033E-5
4.5979125477033E-5
4.5979125477033E-5
4.5979125477033E-5
4.5979125477033E-5
4.5979125477033E-5
4.5979125477033E-5
4.5979125477033E-5
4.5979125477033E-5
4.5979125477033E-5
4.5979125477033E-5
4.5979125477033E-5
4.5979125477033E-5
4.5979125477033E-5
4.5979125477033E-5
4.5979125477033E-5
4.5979125477033E-5
4.5979125477033E-5
4.5979125477033E-5
4.5979125477033E-5
4.5979125477033E-5
4.5979125477033E-5
4.5979125477033E-5
4.5979125477033E-5
4.5979125477033E-5
4.5979125477033E-5
4.5979125477033E-5
4.5979125477033E-5
4.5979125477033E-5
4.5979125477033E-5
4.5979125477033E-5
4.5979125477033E-5
4.5979125477033E-5
4.5979125477033E-5
4.5979125477033E-5
4.5979125477033E-5
4.5979125477033E-5
4.5979125477033E-5
4.5979125477033E-5
4.5979125477033E-5
4.5979125477033E-5
4.5979125477033E-5
4.5979125477033E-5
4.5979125477033E-5
4.5979125477033E-5
4.5979125477033E-5
4.5979125477033E-5
4.5979125477033E-5
4.5979125477033E-5
4.5979125477033E-5
4.5979125477033E-5
4.5979125477033E-5
4.5979125477033E-5
4.5979125477033E-5
4.5979125477033E-5
4.5979125477033E-5
4.5979125477033E-5
4.5979125477033E-5
4.5979125477033E-5
4.5979125477033E-5
4.5979125477033E-5
4.5979125477033E-5
4.5979125477033E-5
4.5979125477033E-5
4.5979125477033E-5
4.5979125477033E-5
4.5979125477033E-5
4.5979125477033E-5
4.5979125477033E-5
4.5979125477033E-5
4.5979125477033E-5
4.5979125477033E-5
4.5979125477033E-5
4.5979125477033E-5
4.5979125477033E-5
4.5979125477033E-5
4.5979125477033E-5
4.5979125477033E-5
4.5979125477033E-5
4.5979125477033E-5
4.5979125477033E-5
4.5979125477033E-5
4.5979125477033E-5
4.5979125477033E-5
4.5979125477033E-5
4.5979125477033E-5
4.5979125477033E-5
4.5979125477033E-5
4.5979125477033E-5
4.5979125477033E-5
4.5979125477033E-5
4.5979125477033E-5
4.5979125477033E-5
4.5979125477033E-5
4.5979125477033E-5
4.5979125477033E-5
4.5979125477033E-5
4.5979125477033E-5
4.5979125477033E-5
4.5979125477033E-5
4.5979125477033E-5
4.5979125477033E-5
4.5979125477033E-5
4.5979125477033E-5
4.5979125477033E-5
4.5979125477033E-5
4.5979125477033E-5
4.5979125477033E-5
4.5979125477033E-5
4.5979125477033E-5
4.5979125477033E-5
4.5979125477033E-5
4.5979125477033E-5
4.5979125477033E-5
4.5979125477033E-5
4.5979125477033E-5
4.5979125477033E-5
4.5979125477033E-5
4.5979125477033E-5
4.5979125477033E-5
4.5979125477033E-5
4.5979125477033E-5
4.5979125477033E-5
4.5979125477033E-5
4.5979125477033E-5
4.5979125477033E-5
4.5979125477033E-5
4.5979125477033E-5
4.5979125477033E-5
4.5979125477033E-5
4.5979125477033E-5
4.5979125477033E-5
4.5979125477033E-5
4.5979125477033E-5
4.5979125477033E-5
4.5979125477033E-5
4.5979125477033E-5
4.5979125477033E-5
4.5979125477033E-5
4.5979125477033E-5
4.5979125477033E-5
4.5979125477033E-5
4.5979125477033E-5
4.5979125477033E-5
4.5979125477033E-5
4.5979125477033E-5
4.5979125477033E-5
4.5979125477033E-5
4.5979125477033E-5
4.5979125477033E-5
4.5979125477033E-5
4.5979125477033E-5
4.5979125477033E-5
4.5979125477033E-5
4.5979125477033E-5
4.5979125477033E-5
4.5979125477033E-5
4.5979125477033E-5
4.5979125477033E-5
4.5979125477033E-5
4.5979125477033E-5
4.5979125477033E-5
4.5979125477033E-5
4.5979125477033E-5
4.5979125477033E-5
4.5979125477033E-5
4.5979125477033E-5
4.5979125477033E-5
4.5979125477033E-5
4.5979125477033E-5
4.5979125477033E-5
4.5979125477033E-5
4.5979125477033E-5
4.5979125477033E-5
4.5979125477033E-5
4.5979125477033E-5
4.5979125477033E-5
4.5979125477033E-5
4.5979125477033E-5
4.5979125477033E-5
4.5979125477033E-5
4.5979125477033E-5
4.5979125477033E-5
4.5979125477033E-5
4.5979125477033E-5
4.5979125477033E-5
4.5979125477033E-5
4.5979125477033E-5
4.5979125477033E-5
4.5979125477033E-5
4.5979125477033E-5
4.5979125477033E-5
4.5979125477033E-5
4.5979125477033E-5
4.5979125477033E-5
4.5979125477033E-5
4.5979125477033E-5
4.5979125477033E-5
4.5979125477033E-5
4.5979125477033E-5
4.5979125477033E-5
4.5979125477033E-5
4.5979125477033E-5
4.5979125477033E-5
4.5979125477033E-5
4.5979125477033E-5
4.5979125477033E-5
4.5979125477033E-5
4.5979125477033E-5
4.5979125477033E-5
4.5979125477033E-5
4.5979125477033E-5
4.5979125477033E-5
4.5979125477033E-5
4.5979125477033E-5
4.5979125477033E-5
4.5979125477033E-5
4.5979125477033E-5
4.5979125477033E-5
4.5979125477033E-5
4.5979125477033E-5
4.5979125477033E-5
4.5979125477033E-5
4.5979125477033E-5
4.5979125477033E-5
4.5979125477033E-5
4.5979125477033E-5
4.5979125477033E-5
4.5979125477033E-5
4.5979125477033E-5
4.5979125477033E-5
4.5979125477033E-5
4.5979125477033E-5
4.5979125477033E-5
4.5979125477033E-5
4.5979125477033E-5
4.5979125477033E-5
4.5979125477033E-5
4.5979125477033E-5
4.5979125477033E-5
4.5979125477033E-5
4.5979125477033E-5
4.5979125477033E-5
4.5979125477033E-5
4.5979125477033E-5
4.5979125477033E-5
4.5979125477033E-5
4.5979125477033E-5
4.5979125477033E-5
4.5979125477033E-5
4.5979125477033E-5
4.5979125477033E-5
4.5979125477033E-5
4.5979125477033E-5
4.5979125477033E-5
4.5979125477033E-5
4.5979125477033E-5
4.5979125477033E-5
4.5979125477033E-5
4.5979125477033E-5
4.5979125477033E-5
4.5979125477033E-5
4.5979125477033E-5
4.5979125477033E-5
4.5979125477033E-5
4.5979125477033E-5
4.5979125477033E-5
4.5979125477033E-5
4.5979125477033E-5
4.5979125477033E-5
4.5979125477033E-5
4.5979125477033E-5
4.5979125477033E-5
4.5979125477033E-5
4.5979125477033E-5
4.5979125477033E-5
4.5979125477033E-5
4.5979125477033E-5
4.5979125477033E-5
4.5979125477033E-5
4.5979125477033E-5
4.5979125477033E-5
4.5979125477033E-5
4.5979125477033E-5
4.5979125477033E-5
4.5979125477033E-5
4.5979125477033E-5
4.5979125477033E-5
4.5979125477033E-5
4.5979125477033E-5
4.5979125477033E-5
4.5979125477033E-5
4.5979125477033E-5
4.5979125477033E-5
4.5979125477033E-5
4.5979125477033E-5
4.5979125477033E-5
4.5979125477033E-5
4.5979125477033E-5
4.5979125477033E-5
4.5979125477033E-5
4.5979125477033E-5
4.5979125477033E-5
4.5979125477033E-5
4.5979125477033E-5
4.5979125477033E-5
4.5979125477033E-5
4.5979125477033E-5
4.5979125477033E-5
4.5979125477033E-5
4.5979125477033E-5
4.5979125477033E-5
4.5979125477033E-5
4.5979125477033E-5
4.5979125477033E-5
4.5979125477033E-5
4.5979125477033E-5
4.5979125477033E-5
4.5979125477033E-5
4.5979125477033E-5
4.5979125477033E-5
4.5979125477033E-5
4.5979125477033E-5
4.5979125477033E-5
4.5979125477033E-5
4.5979125477033E-5
4.5979125477033E-5
4.5979125477033E-5
4.5979125477033E-5
4.5979125477033E-5
4.5979125477033E-5
4.5979125477033E-5
4.5979125477033E-5
4.5979125477033E-5
4.5979125477033E-5
4.5979125477033E-5
4.5979125477033E-5
4.5979125477033E-5
4.5979125477033E-5
4.5979125477033E-5
4.5979125477033E-5
4.5979125477033E-5
4.5979125477033E-5
4.5979125477033E-5
4.5979125477033E-5
4.5979125477033E-5
4.5979125477033E-5
4.5979125477033E-5
4.5979125477033E-5
4.5979125477033E-5
4.5979125477033E-5
4.5979125477033E-5
4.5979125477033E-5
4.5979125477033E-5
4.5979125477033E-5
4.5979125477033E-5
4.5979125477033E-5
4.5979125477033E-5
4.5979125477033E-5
4.5979125477033E-5
4.5979125477033E-5
4.5979125477033E-5
4.5979125477033E-5
4.5979125477033E-5
4.5979125477033E-5
4.5979125477033E-5
4.5979125477033E-5
4.5979125477033E-5
4.5979125477033E-5
4.5979125477033E-5
4.5979125477033E-5
4.5979125477033E-5
4.5979125477033E-5
4.5979125477033E-5
4.5979125477033E-5
4.5979125477033E-5
4.5979125477033E-5
4.5979125477033E-5
4.5979125477033E-5
4.5979125477033E-5
4.5979125477033E-5
4.5979125477033E-5
