0.0025702106318957
0.002382146439318
0.0017552657973922
0.0020687061183551
0.0028836509528586
0.0033224674022066
0.0031344032096289
0.001191073219659
0.0013164493480441
0.0024448345035105
0.016675025075226
0.020248244734203
0.0013164493480441
0.0040747241725176
0.015358575727182
0.0025702106318957
0.00037612838515547
0.0039493480441324
0.0015672016048144
0.00018806419257773
0.00037612838515547
6.2688064192578E-5
6.2688064192578E-5
0.0048269809428285
0.00012537612838516
0.015546639919759
0.0011283851554664
0.0005641925777332
0.0063314944834504
0.00012537612838516
0.0015672016048144
0.00075225677031093
0.00087763289869609
0.033350050150451
0.0062061183550652
0.0030717151454363
0.0055792377131394
0.0048896690070211
0.003259779338014
0.00050150451354062
0.0035105315947844
0.0011283851554664
0.00062688064192578
0.0010030090270812
0.0072091273821464
0.005203109327984
0.0043254764292879
6.2688064192578E-5
0.0020060180541625
0.00031344032096289
0.00018806419257773
6.2688064192578E-5
0.0010030090270812
0.00075225677031093
0.0010030090270812
0.00062688064192578
0.0072091273821464
0.0022567703109328
0.0013791374122367
0.0015045135406219
0.00050150451354062
0.00025075225677031
0.00043881644934804
6.2688064192578E-5
0.00075225677031093
0.00081494483450351
0.0018179538615848
0.0005641925777332
0.00062688064192578
0.0028836509528586
0.00075225677031093
0.0051404212637914
0.00037612838515547
0.00062688064192578
0.0089643931795386
0.0021940822467402
0.0012537612838516
0.004012036108325
0.00018806419257773
0.00018806419257773
0.00037612838515547
0.00025075225677031
0.0014418254764293
0.00050150451354062
0.00037612838515547
0.00062688064192578
0.00018806419257773
0.0013791374122367
6.2688064192578E-5
0.003259779338014
6.2688064192578E-5
0.001629889669007
0.0068956870611836
0.00087763289869609
0.00050150451354062
0.00012537612838516
0.0019433299899699
0.0005641925777332
0.0062688064192578
0.0030717151454363
0.0036359077231695
6.2688064192578E-5
6.2688064192578E-5
0.0010656970912738
0.00043881644934804
0.00012537612838516
0.00018806419257773
0.00031344032096289
0.00012537612838516
0.0074598796389168
0.0051404212637914
0.0013791374122367
0.0026955867602808
0.0051404212637914
6.2688064192578E-5
0.00037612838515547
0.0014418254764293
6.2688064192578E-5
6.2688064192578E-5
6.2688064192578E-5
0.00087763289869609
0.0031344032096289
0.0010656970912738
0.001191073219659
0.00037612838515547
0.0010030090270812
0.00062688064192578
0.00025075225677031
6.2688064192578E-5
0.0005641925777332
0.00062688064192578
0.0040747241725176
0.00012537612838516
0.00068956870611836
0.00031344032096289
0.00062688064192578
0.001191073219659
0.00012537612838516
0.0023194583751254
0.0057046138415246
0.00031344032096289
0.00043881644934804
0.00012537612838516
0.00018806419257773
0.00062688064192578
0.0005641925777332
0.00018806419257773
0.0063314944834504
0.00031344032096289
0.00068956870611836
6.2688064192578E-5
0.00043881644934804
0.00050150451354062
0.00037612838515547
0.0005641925777332
0.00037612838515547
0.00012537612838516
0.0012537612838516
6.2688064192578E-5
0.0005641925777332
6.2688064192578E-5
0.0017552657973922
0.0038866599799398
0.0025702106318957
0.00018806419257773
0.0014418254764293
0.00037612838515547
6.2688064192578E-5
0.00025075225677031
0.0005641925777332
0.00068956870611836
0.00081494483450351
0.0005641925777332
0.00018806419257773
6.2688064192578E-5
6.2688064192578E-5
6.2688064192578E-5
0.00018806419257773
0.00025075225677031
0.00012537612838516
0.00012537612838516
0.0011283851554664
6.2688064192578E-5
0.00012537612838516
0.00094032096288867
6.2688064192578E-5
0.00012537612838516
0.0045762286860582
0.0011283851554664
0.00068956870611836
0.0054538615847543
0.0016925777331996
0.002382146439318
0.00025075225677031
0.00018806419257773
6.2688064192578E-5
0.00012537612838516
0.0057046138415246
0.00050150451354062
0.00018806419257773
0.00012537612838516
0.00025075225677031
6.2688064192578E-5
0.00050150451354062
6.2688064192578E-5
0.0013791374122367
0.00037612838515547
0.00094032096288867
0.00068956870611836
0.0010656970912738
0.00037612838515547
6.2688064192578E-5
0.00012537612838516
0.00012537612838516
0.00043881644934804
0.00012537612838516
0.00012537612838516
0.014230190571715
6.2688064192578E-5
0.00043881644934804
0.0010030090270812
0.00050150451354062
0.00031344032096289
0.001629889669007
0.0025075225677031
0.0010030090270812
0.0010030090270812
6.2688064192578E-5
0.0012537612838516
0.00043881644934804
0.001629889669007
0.0011283851554664
6.2688064192578E-5
0.00043881644934804
0.00031344032096289
0.0013164493480441
0.00025075225677031
6.2688064192578E-5
0.00018806419257773
0.0084002006018054
0.00025075225677031
6.2688064192578E-5
0.00031344032096289
0.00062688064192578
0.00050150451354062
0.0005641925777332
0.00025075225677031
0.0013791374122367
0.0052657973921765
0.00043881644934804
0.00062688064192578
0.00075225677031093
0.00012537612838516
0.00050150451354062
0.0015672016048144
0.00018806419257773
0.0025075225677031
0.00062688064192578
0.00037612838515547
0.00031344032096289
0.00094032096288867
6.2688064192578E-5
6.2688064192578E-5
0.00062688064192578
0.00018806419257773
6.2688064192578E-5
6.2688064192578E-5
0.0010030090270812
6.2688064192578E-5
0.0011283851554664
0.00018806419257773
0.00012537612838516
6.2688064192578E-5
6.2688064192578E-5
0.00050150451354062
0.0016925777331996
0.00012537612838516
0.0013164493480441
0.003259779338014
6.2688064192578E-5
0.00018806419257773
6.2688064192578E-5
6.2688064192578E-5
0.00050150451354062
6.2688064192578E-5
0.001191073219659
0.00068956870611836
0.00012537612838516
0.00068956870611836
0.0005641925777332
0.00025075225677031
0.00018806419257773
0.00081494483450351
0.0005641925777332
6.2688064192578E-5
0.0020687061183551
0.0010030090270812
0.0005641925777332
0.00025075225677031
0.00012537612838516
0.00018806419257773
0.00068956870611836
0.00025075225677031
0.00037612838515547
0.00037612838515547
6.2688064192578E-5
0.0028836509528586
6.2688064192578E-5
0.00043881644934804
6.2688064192578E-5
6.2688064192578E-5
0.0017552657973922
6.2688064192578E-5
6.2688064192578E-5
0.00068956870611836
0.00075225677031093
0.00043881644934804
6.2688064192578E-5
6.2688064192578E-5
0.0020687061183551
0.00043881644934804
6.2688064192578E-5
0.00012537612838516
0.00075225677031093
0.00025075225677031
6.2688064192578E-5
6.2688064192578E-5
0.00068956870611836
0.00012537612838516
6.2688064192578E-5
0.00018806419257773
0.00043881644934804
6.2688064192578E-5
6.2688064192578E-5
0.00012537612838516
0.001191073219659
6.2688064192578E-5
0.0013791374122367
0.0012537612838516
6.2688064192578E-5
0.00075225677031093
0.00081494483450351
0.0014418254764293
0.00012537612838516
0.00018806419257773
0.0016925777331996
0.0005641925777332
0.00050150451354062
0.00087763289869609
0.00068956870611836
0.001629889669007
6.2688064192578E-5
6.2688064192578E-5
6.2688064192578E-5
0.00012537612838516
0.00018806419257773
6.2688064192578E-5
0.00037612838515547
0.00012537612838516
0.00031344032096289
0.00062688064192578
0.00018806419257773
0.00012537612838516
0.0005641925777332
6.2688064192578E-5
0.00012537612838516
0.00025075225677031
6.2688064192578E-5
6.2688064192578E-5
6.2688064192578E-5
0.00037612838515547
0.00018806419257773
0.0010656970912738
0.00068956870611836
0.00012537612838516
6.2688064192578E-5
0.00012537612838516
6.2688064192578E-5
0.00012537612838516
0.00025075225677031
0.00031344032096289
0.00050150451354062
0.00012537612838516
0.00018806419257773
0.00075225677031093
0.00012537612838516
0.00094032096288867
6.2688064192578E-5
0.00012537612838516
0.00050150451354062
0.00075225677031093
0.00037612838515547
0.00037612838515547
0.003259779338014
0.00062688064192578
0.0005641925777332
6.2688064192578E-5
0.00094032096288867
0.004450852557673
6.2688064192578E-5
6.2688064192578E-5
0.00025075225677031
6.2688064192578E-5
0.0018179538615848
0.00037612838515547
0.00025075225677031
0.00018806419257773
0.00012537612838516
6.2688064192578E-5
0.00012537612838516
6.2688064192578E-5
6.2688064192578E-5
6.2688064192578E-5
0.00012537612838516
0.00062688064192578
0.00043881644934804
6.2688064192578E-5
6.2688064192578E-5
0.00050150451354062
0.00031344032096289
0.00018806419257773
6.2688064192578E-5
6.2688064192578E-5
6.2688064192578E-5
0.00075225677031093
0.00012537612838516
0.00012537612838516
0.0010030090270812
0.00050150451354062
0.00031344032096289
0.00018806419257773
0.00037612838515547
0.00031344032096289
0.00031344032096289
0.00043881644934804
6.2688064192578E-5
6.2688064192578E-5
0.0005641925777332
0.00025075225677031
0.00031344032096289
0.00018806419257773
0.0013164493480441
0.00075225677031093
0.00018806419257773
0.00012537612838516
0.00043881644934804
6.2688064192578E-5
6.2688064192578E-5
0.00018806419257773
0.00012537612838516
0.00043881644934804
0.0014418254764293
0.00012537612838516
6.2688064192578E-5
0.00031344032096289
0.00031344032096289
6.2688064192578E-5
6.2688064192578E-5
0.00018806419257773
0.0039493480441324
0.00031344032096289
6.2688064192578E-5
0.0014418254764293
0.00025075225677031
6.2688064192578E-5
0.00025075225677031
0.00031344032096289
0.0005641925777332
0.00043881644934804
6.2688064192578E-5
0.0023194583751254
0.0041374122367101
0.00087763289869609
0.00018806419257773
0.0017552657973922
0.0011283851554664
6.2688064192578E-5
0.00031344032096289
0.00031344032096289
0.00075225677031093
6.2688064192578E-5
0.00037612838515547
0.0027582748244734
6.2688064192578E-5
0.00062688064192578
0.00012537612838516
0.0050150451354062
0.00037612838515547
6.2688064192578E-5
0.00012537612838516
0.00012537612838516
0.00012537612838516
0.0015672016048144
0.00037612838515547
0.00025075225677031
6.2688064192578E-5
0.00025075225677031
0.00062688064192578
0.00012537612838516
0.0010656970912738
0.00012537612838516
0.00012537612838516
0.00012537612838516
0.00031344032096289
6.2688064192578E-5
0.00037612838515547
0.0010030090270812
6.2688064192578E-5
0.00075225677031093
0.00025075225677031
0.00037612838515547
0.00018806419257773
6.2688064192578E-5
0.00012537612838516
6.2688064192578E-5
0.00018806419257773
0.00031344032096289
0.00068956870611836
6.2688064192578E-5
0.00025075225677031
0.00012537612838516
0.00012537612838516
0.00050150451354062
0.00037612838515547
6.2688064192578E-5
6.2688064192578E-5
0.00043881644934804
0.00018806419257773
6.2688064192578E-5
0.00018806419257773
0.00037612838515547
6.2688064192578E-5
0.0005641925777332
6.2688064192578E-5
6.2688064192578E-5
0.00025075225677031
6.2688064192578E-5
0.00037612838515547
0.0005641925777332
0.00012537612838516
0.00075225677031093
6.2688064192578E-5
0.00037612838515547
6.2688064192578E-5
6.2688064192578E-5
0.00050150451354062
0.00050150451354062
0.00025075225677031
0.00012537612838516
6.2688064192578E-5
6.2688064192578E-5
6.2688064192578E-5
0.00043881644934804
6.2688064192578E-5
0.00037612838515547
6.2688064192578E-5
6.2688064192578E-5
0.00012537612838516
0.00037612838515547
6.2688064192578E-5
0.00012537612838516
0.00037612838515547
0.00050150451354062
0.00012537612838516
0.00012537612838516
0.00012537612838516
6.2688064192578E-5
0.00012537612838516
6.2688064192578E-5
6.2688064192578E-5
6.2688064192578E-5
0.00037612838515547
0.00062688064192578
0.00050150451354062
0.00062688064192578
0.00012537612838516
0.00012537612838516
0.0054538615847543
0.00081494483450351
0.00037612838515547
0.00062688064192578
0.0005641925777332
6.2688064192578E-5
6.2688064192578E-5
0.00031344032096289
0.00068956870611836
0.00037612838515547
0.00012537612838516
0.00025075225677031
0.00012537612838516
6.2688064192578E-5
0.0010656970912738
0.0030090270812437
0.00037612838515547
0.00012537612838516
0.00012537612838516
0.00012537612838516
0.00018806419257773
6.2688064192578E-5
0.0010656970912738
0.00018806419257773
0.00012537612838516
0.0005641925777332
0.00037612838515547
0.00081494483450351
0.00012537612838516
6.2688064192578E-5
6.2688064192578E-5
0.00012537612838516
6.2688064192578E-5
0.00018806419257773
0.00025075225677031
0.00012537612838516
0.00012537612838516
0.00018806419257773
0.00037612838515547
0.00018806419257773
0.00031344032096289
6.2688064192578E-5
0.00037612838515547
0.00050150451354062
6.2688064192578E-5
0.00012537612838516
0.00031344032096289
0.00018806419257773
0.00068956870611836
0.00081494483450351
0.00025075225677031
6.2688064192578E-5
0.00043881644934804
0.00012537612838516
6.2688064192578E-5
0.0010030090270812
0.00050150451354062
6.2688064192578E-5
0.00031344032096289
0.00062688064192578
6.2688064192578E-5
6.2688064192578E-5
6.2688064192578E-5
0.00018806419257773
0.00012537612838516
6.2688064192578E-5
0.00012537612838516
0.00068956870611836
6.2688064192578E-5
6.2688064192578E-5
6.2688064192578E-5
0.00043881644934804
0.00037612838515547
6.2688064192578E-5
6.2688064192578E-5
6.2688064192578E-5
6.2688064192578E-5
0.00012537612838516
0.00018806419257773
0.00012537612838516
0.00050150451354062
0.00043881644934804
6.2688064192578E-5
6.2688064192578E-5
0.00087763289869609
0.00018806419257773
0.00037612838515547
0.00018806419257773
6.2688064192578E-5
6.2688064192578E-5
6.2688064192578E-5
6.2688064192578E-5
0.00068956870611836
0.00025075225677031
0.00018806419257773
0.00031344032096289
0.00043881644934804
0.00012537612838516
0.0010656970912738
0.00062688064192578
0.00031344032096289
6.2688064192578E-5
6.2688064192578E-5
0.00018806419257773
0.00018806419257773
0.00031344032096289
0.00018806419257773
6.2688064192578E-5
0.00018806419257773
0.00018806419257773
0.00094032096288867
0.00062688064192578
6.2688064192578E-5
0.00012537612838516
6.2688064192578E-5
6.2688064192578E-5
6.2688064192578E-5
0.00068956870611836
0.00018806419257773
0.00081494483450351
0.00018806419257773
0.00050150451354062
0.00012537612838516
6.2688064192578E-5
0.00037612838515547
6.2688064192578E-5
0.00012537612838516
6.2688064192578E-5
0.00037612838515547
0.00018806419257773
0.0005641925777332
0.00062688064192578
6.2688064192578E-5
0.00025075225677031
0.00018806419257773
6.2688064192578E-5
0.00018806419257773
0.00012537612838516
6.2688064192578E-5
0.00025075225677031
6.2688064192578E-5
6.2688064192578E-5
6.2688064192578E-5
0.00012537612838516
6.2688064192578E-5
0.00018806419257773
0.00031344032096289
0.00025075225677031
0.00018806419257773
6.2688064192578E-5
0.00012537612838516
6.2688064192578E-5
0.00068956870611836
6.2688064192578E-5
6.2688064192578E-5
0.00012537612838516
0.0005641925777332
6.2688064192578E-5
0.00018806419257773
0.00012537612838516
6.2688064192578E-5
6.2688064192578E-5
6.2688064192578E-5
0.00062688064192578
6.2688064192578E-5
0.00043881644934804
6.2688064192578E-5
0.00012537612838516
0.00012537612838516
6.2688064192578E-5
0.00012537612838516
0.00012537612838516
0.00025075225677031
0.00025075225677031
6.2688064192578E-5
0.00050150451354062
6.2688064192578E-5
0.0005641925777332
0.0017552657973922
0.00012537612838516
0.00031344032096289
0.00012537612838516
0.0018806419257773
0.00031344032096289
6.2688064192578E-5
6.2688064192578E-5
0.00025075225677031
0.00031344032096289
0.00037612838515547
0.0005641925777332
6.2688064192578E-5
6.2688064192578E-5
0.00018806419257773
0.00018806419257773
0.00031344032096289
0.00068956870611836
0.00018806419257773
0.00012537612838516
6.2688064192578E-5
6.2688064192578E-5
0.00025075225677031
6.2688064192578E-5
6.2688064192578E-5
0.00012537612838516
6.2688064192578E-5
0.00012537612838516
0.00025075225677031
0.00043881644934804
6.2688064192578E-5
6.2688064192578E-5
0.00012537612838516
0.00012537612838516
6.2688064192578E-5
6.2688064192578E-5
6.2688064192578E-5
0.00012537612838516
0.00018806419257773
6.2688064192578E-5
6.2688064192578E-5
0.00050150451354062
0.00018806419257773
0.00031344032096289
6.2688064192578E-5
6.2688064192578E-5
6.2688064192578E-5
0.00012537612838516
6.2688064192578E-5
6.2688064192578E-5
6.2688064192578E-5
0.00012537612838516
0.00012537612838516
0.00068956870611836
6.2688064192578E-5
0.00025075225677031
6.2688064192578E-5
6.2688064192578E-5
6.2688064192578E-5
0.00018806419257773
0.00012537612838516
6.2688064192578E-5
6.2688064192578E-5
6.2688064192578E-5
6.2688064192578E-5
0.00018806419257773
0.00031344032096289
6.2688064192578E-5
0.00012537612838516
0.00012537612838516
0.00025075225677031
6.2688064192578E-5
0.00012537612838516
0.00012537612838516
0.00012537612838516
6.2688064192578E-5
6.2688064192578E-5
0.00025075225677031
0.00018806419257773
0.00050150451354062
6.2688064192578E-5
6.2688064192578E-5
0.00031344032096289
0.0010656970912738
0.00031344032096289
6.2688064192578E-5
0.00018806419257773
0.00012537612838516
6.2688064192578E-5
6.2688064192578E-5
6.2688064192578E-5
0.0030090270812437
6.2688064192578E-5
6.2688064192578E-5
6.2688064192578E-5
6.2688064192578E-5
6.2688064192578E-5
6.2688064192578E-5
0.00094032096288867
0.00043881644934804
0.0019433299899699
0.00018806419257773
6.2688064192578E-5
0.00050150451354062
0.00025075225677031
0.00031344032096289
0.00018806419257773
0.00037612838515547
0.00037612838515547
0.00012537612838516
0.00018806419257773
0.0005641925777332
0.00012537612838516
0.00025075225677031
0.00025075225677031
0.00012537612838516
6.2688064192578E-5
6.2688064192578E-5
6.2688064192578E-5
0.00037612838515547
0.00012537612838516
0.00012537612838516
6.2688064192578E-5
6.2688064192578E-5
6.2688064192578E-5
0.00012537612838516
6.2688064192578E-5
0.00025075225677031
6.2688064192578E-5
6.2688064192578E-5
0.00025075225677031
0.00043881644934804
0.00018806419257773
6.2688064192578E-5
0.00037612838515547
0.0013164493480441
0.0016925777331996
6.2688064192578E-5
0.00012537612838516
0.0047016048144433
0.00043881644934804
0.00043881644934804
0.00025075225677031
0.00037612838515547
6.2688064192578E-5
0.00094032096288867
0.00012537612838516
0.00031344032096289
6.2688064192578E-5
0.00031344032096289
0.00043881644934804
6.2688064192578E-5
6.2688064192578E-5
6.2688064192578E-5
6.2688064192578E-5
0.00081494483450351
6.2688064192578E-5
0.00012537612838516
6.2688064192578E-5
6.2688064192578E-5
0.00031344032096289
6.2688064192578E-5
0.00043881644934804
6.2688064192578E-5
0.00012537612838516
6.2688064192578E-5
0.00018806419257773
6.2688064192578E-5
0.00012537612838516
0.0015045135406219
6.2688064192578E-5
0.00025075225677031
0.00012537612838516
0.00018806419257773
6.2688064192578E-5
0.00050150451354062
0.00025075225677031
0.00025075225677031
0.00031344032096289
0.00018806419257773
0.00031344032096289
0.00018806419257773
6.2688064192578E-5
0.00025075225677031
6.2688064192578E-5
6.2688064192578E-5
6.2688064192578E-5
6.2688064192578E-5
6.2688064192578E-5
0.00043881644934804
0.00025075225677031
6.2688064192578E-5
6.2688064192578E-5
6.2688064192578E-5
0.0010656970912738
6.2688064192578E-5
6.2688064192578E-5
6.2688064192578E-5
6.2688064192578E-5
6.2688064192578E-5
0.00012537612838516
0.00018806419257773
0.00012537612838516
0.00012537612838516
6.2688064192578E-5
6.2688064192578E-5
6.2688064192578E-5
0.00018806419257773
6.2688064192578E-5
0.00025075225677031
0.00012537612838516
0.00037612838515547
0.00018806419257773
0.00025075225677031
0.00018806419257773
0.00018806419257773
6.2688064192578E-5
6.2688064192578E-5
0.00025075225677031
6.2688064192578E-5
6.2688064192578E-5
6.2688064192578E-5
6.2688064192578E-5
6.2688064192578E-5
0.00031344032096289
6.2688064192578E-5
6.2688064192578E-5
6.2688064192578E-5
0.00062688064192578
6.2688064192578E-5
6.2688064192578E-5
6.2688064192578E-5
6.2688064192578E-5
0.0018179538615848
0.00068956870611836
0.001191073219659
0.00018806419257773
0.00018806419257773
6.2688064192578E-5
6.2688064192578E-5
6.2688064192578E-5
6.2688064192578E-5
0.0010656970912738
0.00025075225677031
0.00012537612838516
6.2688064192578E-5
0.00031344032096289
0.00018806419257773
6.2688064192578E-5
0.00087763289869609
0.00012537612838516
0.00025075225677031
0.00012537612838516
6.2688064192578E-5
6.2688064192578E-5
0.0010656970912738
6.2688064192578E-5
6.2688064192578E-5
0.00012537612838516
0.00025075225677031
6.2688064192578E-5
0.00062688064192578
0.00012537612838516
0.00031344032096289
6.2688064192578E-5
6.2688064192578E-5
0.00012537612838516
0.00012537612838516
6.2688064192578E-5
6.2688064192578E-5
6.2688064192578E-5
6.2688064192578E-5
0.00018806419257773
0.00012537612838516
0.00025075225677031
0.00037612838515547
0.00012537612838516
6.2688064192578E-5
0.00025075225677031
0.00025075225677031
0.00018806419257773
0.00012537612838516
0.00012537612838516
6.2688064192578E-5
6.2688064192578E-5
6.2688064192578E-5
0.00050150451354062
6.2688064192578E-5
6.2688064192578E-5
6.2688064192578E-5
6.2688064192578E-5
6.2688064192578E-5
0.00012537612838516
6.2688064192578E-5
6.2688064192578E-5
6.2688064192578E-5
6.2688064192578E-5
6.2688064192578E-5
6.2688064192578E-5
6.2688064192578E-5
0.00018806419257773
0.00012537612838516
6.2688064192578E-5
0.00062688064192578
0.00012537612838516
6.2688064192578E-5
6.2688064192578E-5
0.00025075225677031
0.00050150451354062
6.2688064192578E-5
6.2688064192578E-5
6.2688064192578E-5
0.00031344032096289
6.2688064192578E-5
0.00075225677031093
0.00018806419257773
0.00031344032096289
6.2688064192578E-5
6.2688064192578E-5
0.00018806419257773
0.00012537612838516
6.2688064192578E-5
6.2688064192578E-5
6.2688064192578E-5
6.2688064192578E-5
0.00018806419257773
6.2688064192578E-5
0.0005641925777332
6.2688064192578E-5
0.00012537612838516
0.00012537612838516
6.2688064192578E-5
6.2688064192578E-5
6.2688064192578E-5
0.00068956870611836
6.2688064192578E-5
0.00031344032096289
6.2688064192578E-5
0.00025075225677031
0.00068956870611836
6.2688064192578E-5
6.2688064192578E-5
6.2688064192578E-5
0.00094032096288867
6.2688064192578E-5
0.00018806419257773
0.00012537612838516
6.2688064192578E-5
0.00012537612838516
0.00012537612838516
0.00031344032096289
6.2688064192578E-5
0.00012537612838516
6.2688064192578E-5
6.2688064192578E-5
6.2688064192578E-5
0.00025075225677031
0.00031344032096289
6.2688064192578E-5
0.00012537612838516
6.2688064192578E-5
6.2688064192578E-5
6.2688064192578E-5
0.00031344032096289
6.2688064192578E-5
0.00031344032096289
6.2688064192578E-5
6.2688064192578E-5
6.2688064192578E-5
0.00025075225677031
0.00012537612838516
6.2688064192578E-5
6.2688064192578E-5
6.2688064192578E-5
0.00018806419257773
0.00018806419257773
6.2688064192578E-5
0.00012537612838516
6.2688064192578E-5
0.00012537612838516
6.2688064192578E-5
6.2688064192578E-5
0.00031344032096289
0.00037612838515547
6.2688064192578E-5
6.2688064192578E-5
6.2688064192578E-5
6.2688064192578E-5
0.00018806419257773
6.2688064192578E-5
6.2688064192578E-5
6.2688064192578E-5
0.00018806419257773
6.2688064192578E-5
6.2688064192578E-5
0.00012537612838516
6.2688064192578E-5
6.2688064192578E-5
6.2688064192578E-5
0.00043881644934804
0.00012537612838516
6.2688064192578E-5
6.2688064192578E-5
0.00031344032096289
0.00012537612838516
6.2688064192578E-5
6.2688064192578E-5
6.2688064192578E-5
6.2688064192578E-5
0.00012537612838516
0.00037612838515547
0.00031344032096289
0.00012537612838516
6.2688064192578E-5
0.00012537612838516
0.00012537612838516
0.00031344032096289
0.00031344032096289
6.2688064192578E-5
6.2688064192578E-5
6.2688064192578E-5
0.00018806419257773
6.2688064192578E-5
6.2688064192578E-5
6.2688064192578E-5
6.2688064192578E-5
0.00012537612838516
6.2688064192578E-5
6.2688064192578E-5
6.2688064192578E-5
0.00025075225677031
0.00012537612838516
0.0013791374122367
0.00025075225677031
6.2688064192578E-5
6.2688064192578E-5
6.2688064192578E-5
6.2688064192578E-5
6.2688064192578E-5
6.2688064192578E-5
0.00025075225677031
0.00031344032096289
0.00025075225677031
6.2688064192578E-5
6.2688064192578E-5
0.00050150451354062
0.00012537612838516
0.00018806419257773
0.00018806419257773
0.00025075225677031
0.00050150451354062
0.00018806419257773
0.00037612838515547
6.2688064192578E-5
0.00018806419257773
0.0024448345035105
0.00012537612838516
6.2688064192578E-5
0.00025075225677031
0.00025075225677031
0.00025075225677031
6.2688064192578E-5
6.2688064192578E-5
6.2688064192578E-5
0.00031344032096289
6.2688064192578E-5
0.00012537612838516
6.2688064192578E-5
0.0011283851554664
6.2688064192578E-5
6.2688064192578E-5
0.00087763289869609
6.2688064192578E-5
6.2688064192578E-5
6.2688064192578E-5
6.2688064192578E-5
0.0005641925777332
6.2688064192578E-5
0.00025075225677031
0.00012537612838516
6.2688064192578E-5
6.2688064192578E-5
6.2688064192578E-5
6.2688064192578E-5
6.2688064192578E-5
6.2688064192578E-5
6.2688064192578E-5
0.00012537612838516
0.00012537612838516
6.2688064192578E-5
6.2688064192578E-5
0.00050150451354062
0.00025075225677031
0.00018806419257773
6.2688064192578E-5
6.2688064192578E-5
0.00012537612838516
0.00012537612838516
0.00012537612838516
6.2688064192578E-5
6.2688064192578E-5
6.2688064192578E-5
0.00012537612838516
6.2688064192578E-5
0.00012537612838516
0.00018806419257773
0.00012537612838516
6.2688064192578E-5
0.00012537612838516
6.2688064192578E-5
6.2688064192578E-5
6.2688064192578E-5
0.00012537612838516
6.2688064192578E-5
6.2688064192578E-5
0.00012537612838516
6.2688064192578E-5
6.2688064192578E-5
6.2688064192578E-5
0.00018806419257773
0.004012036108325
6.2688064192578E-5
6.2688064192578E-5
6.2688064192578E-5
0.00081494483450351
6.2688064192578E-5
0.00012537612838516
0.00012537612838516
0.00031344032096289
0.00018806419257773
0.00012537612838516
0.00018806419257773
0.00025075225677031
0.00018806419257773
0.0013791374122367
0.00050150451354062
6.2688064192578E-5
6.2688064192578E-5
0.00018806419257773
6.2688064192578E-5
0.00025075225677031
0.00062688064192578
6.2688064192578E-5
6.2688064192578E-5
6.2688064192578E-5
6.2688064192578E-5
6.2688064192578E-5
0.00018806419257773
6.2688064192578E-5
0.00012537612838516
6.2688064192578E-5
6.2688064192578E-5
0.00012537612838516
6.2688064192578E-5
6.2688064192578E-5
6.2688064192578E-5
6.2688064192578E-5
0.00018806419257773
0.00025075225677031
6.2688064192578E-5
6.2688064192578E-5
0.00012537612838516
6.2688064192578E-5
0.00025075225677031
6.2688064192578E-5
0.00018806419257773
6.2688064192578E-5
0.00018806419257773
6.2688064192578E-5
6.2688064192578E-5
0.00018806419257773
0.00012537612838516
6.2688064192578E-5
6.2688064192578E-5
0.00012537612838516
6.2688064192578E-5
6.2688064192578E-5
6.2688064192578E-5
6.2688064192578E-5
0.00012537612838516
0.00012537612838516
0.00018806419257773
6.2688064192578E-5
0.00018806419257773
0.00025075225677031
0.00012537612838516
6.2688064192578E-5
6.2688064192578E-5
6.2688064192578E-5
6.2688064192578E-5
6.2688064192578E-5
6.2688064192578E-5
0.00012537612838516
0.00018806419257773
0.00031344032096289
0.00043881644934804
0.00012537612838516
0.00018806419257773
0.00012537612838516
0.00012537612838516
0.00050150451354062
0.00012537612838516
0.00012537612838516
0.00018806419257773
0.00050150451354062
0.00050150451354062
0.00037612838515547
6.2688064192578E-5
0.0013164493480441
6.2688064192578E-5
6.2688064192578E-5
6.2688064192578E-5
0.00018806419257773
0.00050150451354062
0.00012537612838516
0.00012537612838516
6.2688064192578E-5
0.00012537612838516
6.2688064192578E-5
6.2688064192578E-5
6.2688064192578E-5
6.2688064192578E-5
0.00043881644934804
0.00018806419257773
6.2688064192578E-5
6.2688064192578E-5
6.2688064192578E-5
6.2688064192578E-5
0.00012537612838516
6.2688064192578E-5
6.2688064192578E-5
6.2688064192578E-5
6.2688064192578E-5
6.2688064192578E-5
6.2688064192578E-5
6.2688064192578E-5
0.00012537612838516
0.00043881644934804
6.2688064192578E-5
6.2688064192578E-5
6.2688064192578E-5
6.2688064192578E-5
6.2688064192578E-5
0.00018806419257773
0.00025075225677031
6.2688064192578E-5
0.00012537612838516
6.2688064192578E-5
6.2688064192578E-5
6.2688064192578E-5
6.2688064192578E-5
6.2688064192578E-5
0.00018806419257773
6.2688064192578E-5
0.00012537612838516
6.2688064192578E-5
0.00025075225677031
0.00031344032096289
0.00043881644934804
0.00012537612838516
0.00012537612838516
6.2688064192578E-5
6.2688064192578E-5
6.2688064192578E-5
6.2688064192578E-5
6.2688064192578E-5
6.2688064192578E-5
0.00025075225677031
0.00012537612838516
0.00012537612838516
0.00012537612838516
6.2688064192578E-5
0.00081494483450351
0.00025075225677031
6.2688064192578E-5
6.2688064192578E-5
6.2688064192578E-5
6.2688064192578E-5
0.00031344032096289
0.00012537612838516
6.2688064192578E-5
6.2688064192578E-5
6.2688064192578E-5
6.2688064192578E-5
6.2688064192578E-5
6.2688064192578E-5
6.2688064192578E-5
6.2688064192578E-5
6.2688064192578E-5
6.2688064192578E-5
6.2688064192578E-5
6.2688064192578E-5
6.2688064192578E-5
6.2688064192578E-5
6.2688064192578E-5
6.2688064192578E-5
6.2688064192578E-5
0.00012537612838516
6.2688064192578E-5
0.00025075225677031
6.2688064192578E-5
6.2688064192578E-5
6.2688064192578E-5
6.2688064192578E-5
0.00012537612838516
6.2688064192578E-5
6.2688064192578E-5
0.00012537612838516
6.2688064192578E-5
6.2688064192578E-5
6.2688064192578E-5
6.2688064192578E-5
0.00018806419257773
0.00012537612838516
6.2688064192578E-5
0.00012537612838516
6.2688064192578E-5
6.2688064192578E-5
6.2688064192578E-5
6.2688064192578E-5
6.2688064192578E-5
0.00018806419257773
6.2688064192578E-5
0.00031344032096289
0.0011283851554664
0.00031344032096289
6.2688064192578E-5
6.2688064192578E-5
6.2688064192578E-5
6.2688064192578E-5
6.2688064192578E-5
0.00012537612838516
0.00012537612838516
6.2688064192578E-5
6.2688064192578E-5
6.2688064192578E-5
6.2688064192578E-5
0.00012537612838516
6.2688064192578E-5
6.2688064192578E-5
6.2688064192578E-5
6.2688064192578E-5
6.2688064192578E-5
6.2688064192578E-5
0.00037612838515547
6.2688064192578E-5
0.00012537612838516
6.2688064192578E-5
6.2688064192578E-5
0.00012537612838516
6.2688064192578E-5
6.2688064192578E-5
6.2688064192578E-5
6.2688064192578E-5
6.2688064192578E-5
6.2688064192578E-5
6.2688064192578E-5
6.2688064192578E-5
0.00050150451354062
0.00031344032096289
6.2688064192578E-5
6.2688064192578E-5
6.2688064192578E-5
0.00012537612838516
6.2688064192578E-5
0.00031344032096289
6.2688064192578E-5
6.2688064192578E-5
6.2688064192578E-5
6.2688064192578E-5
6.2688064192578E-5
0.00012537612838516
6.2688064192578E-5
6.2688064192578E-5
6.2688064192578E-5
0.00062688064192578
0.00018806419257773
6.2688064192578E-5
0.00012537612838516
6.2688064192578E-5
6.2688064192578E-5
0.00018806419257773
0.00012537612838516
6.2688064192578E-5
0.00018806419257773
0.00025075225677031
0.00012537612838516
0.00012537612838516
0.00025075225677031
0.00043881644934804
6.2688064192578E-5
0.00031344032096289
6.2688064192578E-5
0.00037612838515547
6.2688064192578E-5
0.00018806419257773
0.00043881644934804
6.2688064192578E-5
0.00018806419257773
0.00018806419257773
6.2688064192578E-5
0.00012537612838516
6.2688064192578E-5
0.00012537612838516
0.00031344032096289
6.2688064192578E-5
6.2688064192578E-5
0.00012537612838516
6.2688064192578E-5
0.00012537612838516
6.2688064192578E-5
6.2688064192578E-5
6.2688064192578E-5
0.00018806419257773
6.2688064192578E-5
6.2688064192578E-5
0.00012537612838516
6.2688064192578E-5
0.00037612838515547
0.00043881644934804
0.00018806419257773
0.00025075225677031
6.2688064192578E-5
0.00018806419257773
6.2688064192578E-5
0.00012537612838516
6.2688064192578E-5
6.2688064192578E-5
6.2688064192578E-5
6.2688064192578E-5
0.00018806419257773
6.2688064192578E-5
0.00025075225677031
6.2688064192578E-5
6.2688064192578E-5
6.2688064192578E-5
6.2688064192578E-5
0.00012537612838516
6.2688064192578E-5
6.2688064192578E-5
6.2688064192578E-5
6.2688064192578E-5
6.2688064192578E-5
0.0005641925777332
0.00018806419257773
6.2688064192578E-5
6.2688064192578E-5
6.2688064192578E-5
6.2688064192578E-5
0.00012537612838516
6.2688064192578E-5
0.00012537612838516
6.2688064192578E-5
6.2688064192578E-5
0.00018806419257773
6.2688064192578E-5
0.00031344032096289
6.2688064192578E-5
0.00018806419257773
6.2688064192578E-5
6.2688064192578E-5
0.00012537612838516
6.2688064192578E-5
0.00018806419257773
0.00018806419257773
6.2688064192578E-5
6.2688064192578E-5
0.00012537612838516
0.00012537612838516
6.2688064192578E-5
6.2688064192578E-5
6.2688064192578E-5
0.00025075225677031
6.2688064192578E-5
6.2688064192578E-5
6.2688064192578E-5
0.00018806419257773
6.2688064192578E-5
6.2688064192578E-5
6.2688064192578E-5
6.2688064192578E-5
6.2688064192578E-5
0.00018806419257773
6.2688064192578E-5
0.00025075225677031
6.2688064192578E-5
6.2688064192578E-5
6.2688064192578E-5
0.00012537612838516
6.2688064192578E-5
6.2688064192578E-5
0.00012537612838516
6.2688064192578E-5
0.00012537612838516
6.2688064192578E-5
6.2688064192578E-5
6.2688064192578E-5
6.2688064192578E-5
6.2688064192578E-5
6.2688064192578E-5
6.2688064192578E-5
6.2688064192578E-5
0.00012537612838516
6.2688064192578E-5
6.2688064192578E-5
6.2688064192578E-5
6.2688064192578E-5
6.2688064192578E-5
6.2688064192578E-5
6.2688064192578E-5
6.2688064192578E-5
6.2688064192578E-5
6.2688064192578E-5
6.2688064192578E-5
6.2688064192578E-5
0.00018806419257773
6.2688064192578E-5
6.2688064192578E-5
0.00012537612838516
6.2688064192578E-5
0.00012537612838516
6.2688064192578E-5
6.2688064192578E-5
6.2688064192578E-5
6.2688064192578E-5
6.2688064192578E-5
6.2688064192578E-5
6.2688064192578E-5
6.2688064192578E-5
6.2688064192578E-5
6.2688064192578E-5
0.00012537612838516
6.2688064192578E-5
6.2688064192578E-5
0.00012537612838516
6.2688064192578E-5
6.2688064192578E-5
6.2688064192578E-5
6.2688064192578E-5
0.00012537612838516
6.2688064192578E-5
6.2688064192578E-5
6.2688064192578E-5
6.2688064192578E-5
6.2688064192578E-5
0.00012537612838516
0.00012537612838516
6.2688064192578E-5
6.2688064192578E-5
6.2688064192578E-5
6.2688064192578E-5
6.2688064192578E-5
0.00018806419257773
6.2688064192578E-5
0.00018806419257773
6.2688064192578E-5
0.00012537612838516
6.2688064192578E-5
6.2688064192578E-5
6.2688064192578E-5
0.00012537612838516
0.00012537612838516
6.2688064192578E-5
6.2688064192578E-5
6.2688064192578E-5
6.2688064192578E-5
0.00018806419257773
0.00018806419257773
6.2688064192578E-5
0.00012537612838516
6.2688064192578E-5
6.2688064192578E-5
6.2688064192578E-5
0.00025075225677031
6.2688064192578E-5
6.2688064192578E-5
6.2688064192578E-5
0.00012537612838516
0.00012537612838516
6.2688064192578E-5
6.2688064192578E-5
6.2688064192578E-5
6.2688064192578E-5
0.00018806419257773
0.00012537612838516
6.2688064192578E-5
6.2688064192578E-5
0.00031344032096289
0.00012537612838516
6.2688064192578E-5
6.2688064192578E-5
6.2688064192578E-5
0.00012537612838516
6.2688064192578E-5
6.2688064192578E-5
0.00025075225677031
0.00012537612838516
6.2688064192578E-5
6.2688064192578E-5
6.2688064192578E-5
0.00012537612838516
6.2688064192578E-5
6.2688064192578E-5
6.2688064192578E-5
0.00043881644934804
6.2688064192578E-5
6.2688064192578E-5
0.00012537612838516
0.00025075225677031
6.2688064192578E-5
0.00012537612838516
0.00043881644934804
6.2688064192578E-5
6.2688064192578E-5
6.2688064192578E-5
0.00012537612838516
6.2688064192578E-5
6.2688064192578E-5
6.2688064192578E-5
6.2688064192578E-5
6.2688064192578E-5
6.2688064192578E-5
6.2688064192578E-5
0.00012537612838516
6.2688064192578E-5
6.2688064192578E-5
6.2688064192578E-5
6.2688064192578E-5
6.2688064192578E-5
6.2688064192578E-5
6.2688064192578E-5
6.2688064192578E-5
0.00012537612838516
0.00025075225677031
0.00012537612838516
0.00018806419257773
0.00012537612838516
6.2688064192578E-5
6.2688064192578E-5
0.00012537612838516
6.2688064192578E-5
0.0023194583751254
6.2688064192578E-5
6.2688064192578E-5
6.2688064192578E-5
0.00037612838515547
6.2688064192578E-5
0.00025075225677031
0.00018806419257773
0.00012537612838516
0.00012537612838516
0.00018806419257773
6.2688064192578E-5
0.00031344032096289
6.2688064192578E-5
6.2688064192578E-5
0.00018806419257773
0.00012537612838516
0.00012537612838516
0.00018806419257773
6.2688064192578E-5
6.2688064192578E-5
0.00012537612838516
6.2688064192578E-5
0.00012537612838516
6.2688064192578E-5
6.2688064192578E-5
0.00018806419257773
6.2688064192578E-5
0.00018806419257773
6.2688064192578E-5
6.2688064192578E-5
6.2688064192578E-5
0.00018806419257773
6.2688064192578E-5
6.2688064192578E-5
6.2688064192578E-5
6.2688064192578E-5
6.2688064192578E-5
6.2688064192578E-5
6.2688064192578E-5
6.2688064192578E-5
6.2688064192578E-5
0.00012537612838516
6.2688064192578E-5
0.00018806419257773
6.2688064192578E-5
0.00031344032096289
6.2688064192578E-5
6.2688064192578E-5
6.2688064192578E-5
6.2688064192578E-5
6.2688064192578E-5
6.2688064192578E-5
6.2688064192578E-5
0.00018806419257773
6.2688064192578E-5
6.2688064192578E-5
6.2688064192578E-5
6.2688064192578E-5
6.2688064192578E-5
0.00025075225677031
6.2688064192578E-5
0.00025075225677031
6.2688064192578E-5
6.2688064192578E-5
0.00012537612838516
6.2688064192578E-5
0.00012537612838516
0.00012537612838516
0.00012537612838516
6.2688064192578E-5
0.00043881644934804
6.2688064192578E-5
6.2688064192578E-5
0.00018806419257773
6.2688064192578E-5
6.2688064192578E-5
0.00012537612838516
6.2688064192578E-5
6.2688064192578E-5
6.2688064192578E-5
6.2688064192578E-5
6.2688064192578E-5
0.00012537612838516
6.2688064192578E-5
0.00012537612838516
6.2688064192578E-5
0.00012537612838516
6.2688064192578E-5
0.00018806419257773
0.00012537612838516
6.2688064192578E-5
6.2688064192578E-5
6.2688064192578E-5
0.0005641925777332
6.2688064192578E-5
6.2688064192578E-5
6.2688064192578E-5
0.00012537612838516
6.2688064192578E-5
0.00012537612838516
6.2688064192578E-5
6.2688064192578E-5
6.2688064192578E-5
0.00031344032096289
6.2688064192578E-5
6.2688064192578E-5
0.00012537612838516
6.2688064192578E-5
6.2688064192578E-5
6.2688064192578E-5
6.2688064192578E-5
0.00025075225677031
0.00012537612838516
6.2688064192578E-5
6.2688064192578E-5
6.2688064192578E-5
6.2688064192578E-5
6.2688064192578E-5
6.2688064192578E-5
0.00018806419257773
6.2688064192578E-5
0.00018806419257773
6.2688064192578E-5
6.2688064192578E-5
6.2688064192578E-5
6.2688064192578E-5
6.2688064192578E-5
0.00012537612838516
0.00025075225677031
0.00012537612838516
6.2688064192578E-5
0.00018806419257773
6.2688064192578E-5
0.00012537612838516
0.00018806419257773
0.00012537612838516
6.2688064192578E-5
6.2688064192578E-5
0.00012537612838516
0.00018806419257773
6.2688064192578E-5
6.2688064192578E-5
6.2688064192578E-5
6.2688064192578E-5
6.2688064192578E-5
6.2688064192578E-5
6.2688064192578E-5
6.2688064192578E-5
6.2688064192578E-5
6.2688064192578E-5
6.2688064192578E-5
0.00018806419257773
6.2688064192578E-5
6.2688064192578E-5
6.2688064192578E-5
6.2688064192578E-5
0.00018806419257773
6.2688064192578E-5
6.2688064192578E-5
0.00018806419257773
6.2688064192578E-5
0.00012537612838516
6.2688064192578E-5
6.2688064192578E-5
6.2688064192578E-5
6.2688064192578E-5
6.2688064192578E-5
6.2688064192578E-5
0.00012537612838516
6.2688064192578E-5
6.2688064192578E-5
0.00031344032096289
6.2688064192578E-5
0.00012537612838516
6.2688064192578E-5
6.2688064192578E-5
6.2688064192578E-5
6.2688064192578E-5
0.00018806419257773
6.2688064192578E-5
0.00012537612838516
6.2688064192578E-5
6.2688064192578E-5
0.00012537612838516
0.00012537612838516
6.2688064192578E-5
6.2688064192578E-5
6.2688064192578E-5
6.2688064192578E-5
6.2688064192578E-5
6.2688064192578E-5
6.2688064192578E-5
0.00012537612838516
0.00012537612838516
6.2688064192578E-5
0.00043881644934804
0.00012537612838516
6.2688064192578E-5
6.2688064192578E-5
6.2688064192578E-5
0.00012537612838516
6.2688064192578E-5
0.00018806419257773
0.00037612838515547
0.00012537612838516
0.00012537612838516
6.2688064192578E-5
6.2688064192578E-5
6.2688064192578E-5
0.00012537612838516
6.2688064192578E-5
6.2688064192578E-5
0.00012537612838516
6.2688064192578E-5
0.00025075225677031
0.00025075225677031
6.2688064192578E-5
6.2688064192578E-5
6.2688064192578E-5
0.00012537612838516
0.00012537612838516
0.00012537612838516
6.2688064192578E-5
6.2688064192578E-5
0.00012537612838516
6.2688064192578E-5
0.00012537612838516
0.00018806419257773
6.2688064192578E-5
6.2688064192578E-5
0.00012537612838516
0.00012537612838516
6.2688064192578E-5
0.00012537612838516
6.2688064192578E-5
6.2688064192578E-5
0.00018806419257773
6.2688064192578E-5
6.2688064192578E-5
6.2688064192578E-5
6.2688064192578E-5
0.00012537612838516
6.2688064192578E-5
6.2688064192578E-5
6.2688064192578E-5
6.2688064192578E-5
6.2688064192578E-5
6.2688064192578E-5
0.00012537612838516
6.2688064192578E-5
6.2688064192578E-5
0.00012537612838516
0.00068956870611836
6.2688064192578E-5
6.2688064192578E-5
6.2688064192578E-5
6.2688064192578E-5
6.2688064192578E-5
0.00012537612838516
0.00043881644934804
6.2688064192578E-5
6.2688064192578E-5
6.2688064192578E-5
6.2688064192578E-5
0.00012537612838516
0.00012537612838516
6.2688064192578E-5
6.2688064192578E-5
6.2688064192578E-5
6.2688064192578E-5
0.00012537612838516
6.2688064192578E-5
0.00025075225677031
0.00018806419257773
6.2688064192578E-5
6.2688064192578E-5
0.00012537612838516
0.00012537612838516
6.2688064192578E-5
0.00012537612838516
0.00012537612838516
6.2688064192578E-5
6.2688064192578E-5
0.00018806419257773
6.2688064192578E-5
0.00062688064192578
0.00012537612838516
0.00025075225677031
6.2688064192578E-5
6.2688064192578E-5
6.2688064192578E-5
0.00012537612838516
6.2688064192578E-5
6.2688064192578E-5
6.2688064192578E-5
6.2688064192578E-5
6.2688064192578E-5
6.2688064192578E-5
6.2688064192578E-5
6.2688064192578E-5
0.00012537612838516
6.2688064192578E-5
6.2688064192578E-5
6.2688064192578E-5
6.2688064192578E-5
0.00025075225677031
6.2688064192578E-5
6.2688064192578E-5
0.00018806419257773
6.2688064192578E-5
6.2688064192578E-5
6.2688064192578E-5
6.2688064192578E-5
0.00012537612838516
6.2688064192578E-5
6.2688064192578E-5
0.00012537612838516
6.2688064192578E-5
6.2688064192578E-5
6.2688064192578E-5
0.00012537612838516
6.2688064192578E-5
6.2688064192578E-5
6.2688064192578E-5
6.2688064192578E-5
6.2688064192578E-5
6.2688064192578E-5
6.2688064192578E-5
6.2688064192578E-5
6.2688064192578E-5
6.2688064192578E-5
6.2688064192578E-5
0.00018806419257773
6.2688064192578E-5
6.2688064192578E-5
6.2688064192578E-5
6.2688064192578E-5
0.00018806419257773
6.2688064192578E-5
6.2688064192578E-5
0.00012537612838516
6.2688064192578E-5
0.00012537612838516
0.00018806419257773
6.2688064192578E-5
6.2688064192578E-5
6.2688064192578E-5
6.2688064192578E-5
6.2688064192578E-5
6.2688064192578E-5
0.00012537612838516
0.00025075225677031
6.2688064192578E-5
0.00012537612838516
6.2688064192578E-5
0.00012537612838516
0.00012537612838516
6.2688064192578E-5
6.2688064192578E-5
6.2688064192578E-5
6.2688064192578E-5
6.2688064192578E-5
0.00012537612838516
6.2688064192578E-5
6.2688064192578E-5
6.2688064192578E-5
6.2688064192578E-5
0.00012537612838516
6.2688064192578E-5
6.2688064192578E-5
0.00012537612838516
0.00025075225677031
6.2688064192578E-5
6.2688064192578E-5
6.2688064192578E-5
0.00012537612838516
0.00012537612838516
6.2688064192578E-5
6.2688064192578E-5
6.2688064192578E-5
6.2688064192578E-5
6.2688064192578E-5
6.2688064192578E-5
6.2688064192578E-5
6.2688064192578E-5
6.2688064192578E-5
6.2688064192578E-5
6.2688064192578E-5
6.2688064192578E-5
0.00012537612838516
6.2688064192578E-5
6.2688064192578E-5
0.00012537612838516
6.2688064192578E-5
6.2688064192578E-5
0.00012537612838516
6.2688064192578E-5
6.2688064192578E-5
6.2688064192578E-5
0.00012537612838516
6.2688064192578E-5
6.2688064192578E-5
6.2688064192578E-5
6.2688064192578E-5
6.2688064192578E-5
0.00018806419257773
0.00037612838515547
6.2688064192578E-5
0.00012537612838516
0.00018806419257773
0.00031344032096289
6.2688064192578E-5
0.00012537612838516
6.2688064192578E-5
0.00012537612838516
6.2688064192578E-5
6.2688064192578E-5
0.00012537612838516
6.2688064192578E-5
6.2688064192578E-5
6.2688064192578E-5
6.2688064192578E-5
6.2688064192578E-5
6.2688064192578E-5
0.00031344032096289
6.2688064192578E-5
0.0011283851554664
6.2688064192578E-5
0.00012537612838516
6.2688064192578E-5
6.2688064192578E-5
6.2688064192578E-5
6.2688064192578E-5
6.2688064192578E-5
6.2688064192578E-5
6.2688064192578E-5
6.2688064192578E-5
6.2688064192578E-5
0.00012537612838516
6.2688064192578E-5
6.2688064192578E-5
6.2688064192578E-5
6.2688064192578E-5
6.2688064192578E-5
0.00012537612838516
0.00031344032096289
6.2688064192578E-5
6.2688064192578E-5
6.2688064192578E-5
6.2688064192578E-5
6.2688064192578E-5
6.2688064192578E-5
0.00012537612838516
6.2688064192578E-5
6.2688064192578E-5
6.2688064192578E-5
6.2688064192578E-5
6.2688064192578E-5
6.2688064192578E-5
6.2688064192578E-5
0.00012537612838516
6.2688064192578E-5
0.00012537612838516
6.2688064192578E-5
0.00018806419257773
6.2688064192578E-5
6.2688064192578E-5
6.2688064192578E-5
6.2688064192578E-5
6.2688064192578E-5
6.2688064192578E-5
6.2688064192578E-5
6.2688064192578E-5
6.2688064192578E-5
6.2688064192578E-5
6.2688064192578E-5
0.00018806419257773
0.00018806419257773
6.2688064192578E-5
6.2688064192578E-5
6.2688064192578E-5
0.00012537612838516
6.2688064192578E-5
6.2688064192578E-5
6.2688064192578E-5
6.2688064192578E-5
0.00012537612838516
0.00025075225677031
6.2688064192578E-5
0.00018806419257773
0.00025075225677031
6.2688064192578E-5
0.00031344032096289
6.2688064192578E-5
6.2688064192578E-5
0.00018806419257773
6.2688064192578E-5
6.2688064192578E-5
0.00018806419257773
0.00012537612838516
0.00018806419257773
0.00043881644934804
6.2688064192578E-5
0.00012537612838516
0.00025075225677031
0.00031344032096289
6.2688064192578E-5
6.2688064192578E-5
0.00012537612838516
6.2688064192578E-5
6.2688064192578E-5
6.2688064192578E-5
6.2688064192578E-5
0.00031344032096289
6.2688064192578E-5
6.2688064192578E-5
6.2688064192578E-5
6.2688064192578E-5
0.00012537612838516
6.2688064192578E-5
0.00012537612838516
6.2688064192578E-5
6.2688064192578E-5
6.2688064192578E-5
6.2688064192578E-5
6.2688064192578E-5
6.2688064192578E-5
6.2688064192578E-5
6.2688064192578E-5
6.2688064192578E-5
6.2688064192578E-5
6.2688064192578E-5
6.2688064192578E-5
0.00012537612838516
6.2688064192578E-5
6.2688064192578E-5
6.2688064192578E-5
0.00012537612838516
6.2688064192578E-5
6.2688064192578E-5
6.2688064192578E-5
6.2688064192578E-5
6.2688064192578E-5
6.2688064192578E-5
6.2688064192578E-5
6.2688064192578E-5
6.2688064192578E-5
6.2688064192578E-5
6.2688064192578E-5
6.2688064192578E-5
6.2688064192578E-5
6.2688064192578E-5
6.2688064192578E-5
6.2688064192578E-5
6.2688064192578E-5
6.2688064192578E-5
0.00012537612838516
0.00012537612838516
6.2688064192578E-5
6.2688064192578E-5
6.2688064192578E-5
6.2688064192578E-5
0.00012537612838516
6.2688064192578E-5
0.00037612838515547
0.00012537612838516
0.00062688064192578
0.00018806419257773
6.2688064192578E-5
6.2688064192578E-5
6.2688064192578E-5
6.2688064192578E-5
6.2688064192578E-5
6.2688064192578E-5
6.2688064192578E-5
6.2688064192578E-5
6.2688064192578E-5
6.2688064192578E-5
6.2688064192578E-5
0.00012537612838516
6.2688064192578E-5
6.2688064192578E-5
6.2688064192578E-5
6.2688064192578E-5
6.2688064192578E-5
0.00025075225677031
6.2688064192578E-5
6.2688064192578E-5
6.2688064192578E-5
6.2688064192578E-5
6.2688064192578E-5
6.2688064192578E-5
6.2688064192578E-5
0.00012537612838516
0.00012537612838516
6.2688064192578E-5
6.2688064192578E-5
6.2688064192578E-5
6.2688064192578E-5
6.2688064192578E-5
6.2688064192578E-5
0.00012537612838516
6.2688064192578E-5
6.2688064192578E-5
0.00012537612838516
0.00012537612838516
0.00012537612838516
6.2688064192578E-5
6.2688064192578E-5
6.2688064192578E-5
0.00018806419257773
6.2688064192578E-5
6.2688064192578E-5
6.2688064192578E-5
6.2688064192578E-5
6.2688064192578E-5
6.2688064192578E-5
6.2688064192578E-5
0.00012537612838516
0.00012537612838516
6.2688064192578E-5
6.2688064192578E-5
6.2688064192578E-5
6.2688064192578E-5
6.2688064192578E-5
6.2688064192578E-5
6.2688064192578E-5
6.2688064192578E-5
6.2688064192578E-5
6.2688064192578E-5
6.2688064192578E-5
6.2688064192578E-5
6.2688064192578E-5
6.2688064192578E-5
6.2688064192578E-5
6.2688064192578E-5
6.2688064192578E-5
6.2688064192578E-5
6.2688064192578E-5
6.2688064192578E-5
6.2688064192578E-5
6.2688064192578E-5
6.2688064192578E-5
6.2688064192578E-5
0.00018806419257773
6.2688064192578E-5
6.2688064192578E-5
0.00012537612838516
6.2688064192578E-5
6.2688064192578E-5
0.00012537612838516
6.2688064192578E-5
6.2688064192578E-5
6.2688064192578E-5
6.2688064192578E-5
6.2688064192578E-5
0.00012537612838516
6.2688064192578E-5
6.2688064192578E-5
6.2688064192578E-5
6.2688064192578E-5
6.2688064192578E-5
0.00012537612838516
6.2688064192578E-5
6.2688064192578E-5
6.2688064192578E-5
0.00012537612838516
6.2688064192578E-5
0.00012537612838516
6.2688064192578E-5
6.2688064192578E-5
6.2688064192578E-5
6.2688064192578E-5
6.2688064192578E-5
6.2688064192578E-5
6.2688064192578E-5
6.2688064192578E-5
6.2688064192578E-5
0.00018806419257773
6.2688064192578E-5
6.2688064192578E-5
6.2688064192578E-5
6.2688064192578E-5
6.2688064192578E-5
6.2688064192578E-5
6.2688064192578E-5
6.2688064192578E-5
6.2688064192578E-5
6.2688064192578E-5
6.2688064192578E-5
6.2688064192578E-5
6.2688064192578E-5
6.2688064192578E-5
6.2688064192578E-5
0.00012537612838516
6.2688064192578E-5
0.00012537612838516
6.2688064192578E-5
6.2688064192578E-5
6.2688064192578E-5
6.2688064192578E-5
6.2688064192578E-5
6.2688064192578E-5
0.00025075225677031
0.00025075225677031
6.2688064192578E-5
6.2688064192578E-5
6.2688064192578E-5
6.2688064192578E-5
6.2688064192578E-5
6.2688064192578E-5
0.00018806419257773
6.2688064192578E-5
0.00012537612838516
0.00012537612838516
6.2688064192578E-5
0.00031344032096289
6.2688064192578E-5
6.2688064192578E-5
0.00012537612838516
6.2688064192578E-5
6.2688064192578E-5
6.2688064192578E-5
0.00012537612838516
6.2688064192578E-5
6.2688064192578E-5
6.2688064192578E-5
6.2688064192578E-5
6.2688064192578E-5
6.2688064192578E-5
0.00018806419257773
6.2688064192578E-5
6.2688064192578E-5
6.2688064192578E-5
6.2688064192578E-5
6.2688064192578E-5
6.2688064192578E-5
6.2688064192578E-5
6.2688064192578E-5
6.2688064192578E-5
6.2688064192578E-5
6.2688064192578E-5
6.2688064192578E-5
6.2688064192578E-5
6.2688064192578E-5
6.2688064192578E-5
0.00012537612838516
6.2688064192578E-5
0.00018806419257773
6.2688064192578E-5
6.2688064192578E-5
6.2688064192578E-5
6.2688064192578E-5
6.2688064192578E-5
6.2688064192578E-5
6.2688064192578E-5
6.2688064192578E-5
6.2688064192578E-5
6.2688064192578E-5
6.2688064192578E-5
6.2688064192578E-5
6.2688064192578E-5
6.2688064192578E-5
0.00012537612838516
6.2688064192578E-5
6.2688064192578E-5
6.2688064192578E-5
6.2688064192578E-5
6.2688064192578E-5
6.2688064192578E-5
6.2688064192578E-5
6.2688064192578E-5
6.2688064192578E-5
6.2688064192578E-5
6.2688064192578E-5
0.00012537612838516
0.00012537612838516
0.00018806419257773
6.2688064192578E-5
6.2688064192578E-5
6.2688064192578E-5
6.2688064192578E-5
6.2688064192578E-5
6.2688064192578E-5
0.00018806419257773
6.2688064192578E-5
6.2688064192578E-5
0.00018806419257773
6.2688064192578E-5
6.2688064192578E-5
6.2688064192578E-5
6.2688064192578E-5
0.00018806419257773
6.2688064192578E-5
0.00018806419257773
6.2688064192578E-5
6.2688064192578E-5
6.2688064192578E-5
6.2688064192578E-5
6.2688064192578E-5
6.2688064192578E-5
6.2688064192578E-5
6.2688064192578E-5
0.00025075225677031
6.2688064192578E-5
6.2688064192578E-5
6.2688064192578E-5
0.00012537612838516
0.00018806419257773
6.2688064192578E-5
6.2688064192578E-5
6.2688064192578E-5
6.2688064192578E-5
6.2688064192578E-5
0.00018806419257773
0.00012537612838516
6.2688064192578E-5
6.2688064192578E-5
6.2688064192578E-5
0.00018806419257773
0.00012537612838516
6.2688064192578E-5
0.00012537612838516
0.00012537612838516
6.2688064192578E-5
6.2688064192578E-5
6.2688064192578E-5
6.2688064192578E-5
0.00012537612838516
6.2688064192578E-5
6.2688064192578E-5
6.2688064192578E-5
6.2688064192578E-5
0.00012537612838516
6.2688064192578E-5
6.2688064192578E-5
6.2688064192578E-5
6.2688064192578E-5
6.2688064192578E-5
6.2688064192578E-5
6.2688064192578E-5
6.2688064192578E-5
6.2688064192578E-5
6.2688064192578E-5
6.2688064192578E-5
0.00018806419257773
6.2688064192578E-5
6.2688064192578E-5
6.2688064192578E-5
6.2688064192578E-5
6.2688064192578E-5
6.2688064192578E-5
6.2688064192578E-5
6.2688064192578E-5
6.2688064192578E-5
6.2688064192578E-5
6.2688064192578E-5
6.2688064192578E-5
6.2688064192578E-5
0.00050150451354062
0.00012537612838516
0.00012537612838516
0.00012537612838516
0.00012537612838516
6.2688064192578E-5
6.2688064192578E-5
0.00018806419257773
6.2688064192578E-5
0.00018806419257773
6.2688064192578E-5
6.2688064192578E-5
6.2688064192578E-5
6.2688064192578E-5
6.2688064192578E-5
6.2688064192578E-5
6.2688064192578E-5
6.2688064192578E-5
6.2688064192578E-5
0.00012537612838516
6.2688064192578E-5
6.2688064192578E-5
0.00012537612838516
6.2688064192578E-5
6.2688064192578E-5
6.2688064192578E-5
6.2688064192578E-5
6.2688064192578E-5
0.00018806419257773
6.2688064192578E-5
6.2688064192578E-5
6.2688064192578E-5
6.2688064192578E-5
6.2688064192578E-5
6.2688064192578E-5
6.2688064192578E-5
6.2688064192578E-5
6.2688064192578E-5
0.00012537612838516
6.2688064192578E-5
0.00012537612838516
6.2688064192578E-5
6.2688064192578E-5
6.2688064192578E-5
0.00012537612838516
6.2688064192578E-5
6.2688064192578E-5
6.2688064192578E-5
6.2688064192578E-5
6.2688064192578E-5
6.2688064192578E-5
6.2688064192578E-5
6.2688064192578E-5
0.00012537612838516
6.2688064192578E-5
6.2688064192578E-5
6.2688064192578E-5
6.2688064192578E-5
6.2688064192578E-5
0.00012537612838516
6.2688064192578E-5
6.2688064192578E-5
6.2688064192578E-5
0.00012537612838516
6.2688064192578E-5
6.2688064192578E-5
6.2688064192578E-5
0.00012537612838516
6.2688064192578E-5
6.2688064192578E-5
6.2688064192578E-5
6.2688064192578E-5
6.2688064192578E-5
6.2688064192578E-5
6.2688064192578E-5
6.2688064192578E-5
6.2688064192578E-5
6.2688064192578E-5
6.2688064192578E-5
6.2688064192578E-5
6.2688064192578E-5
6.2688064192578E-5
0.00012537612838516
0.00012537612838516
0.00012537612838516
6.2688064192578E-5
6.2688064192578E-5
6.2688064192578E-5
6.2688064192578E-5
6.2688064192578E-5
0.00012537612838516
6.2688064192578E-5
6.2688064192578E-5
0.00012537612838516
6.2688064192578E-5
6.2688064192578E-5
6.2688064192578E-5
6.2688064192578E-5
0.00012537612838516
0.00018806419257773
6.2688064192578E-5
0.00012537612838516
0.00012537612838516
6.2688064192578E-5
6.2688064192578E-5
6.2688064192578E-5
6.2688064192578E-5
6.2688064192578E-5
6.2688064192578E-5
6.2688064192578E-5
6.2688064192578E-5
6.2688064192578E-5
0.00012537612838516
6.2688064192578E-5
6.2688064192578E-5
6.2688064192578E-5
6.2688064192578E-5
6.2688064192578E-5
6.2688064192578E-5
6.2688064192578E-5
6.2688064192578E-5
6.2688064192578E-5
0.00012537612838516
6.2688064192578E-5
6.2688064192578E-5
6.2688064192578E-5
6.2688064192578E-5
6.2688064192578E-5
0.00012537612838516
6.2688064192578E-5
6.2688064192578E-5
0.00012537612838516
6.2688064192578E-5
6.2688064192578E-5
6.2688064192578E-5
6.2688064192578E-5
6.2688064192578E-5
6.2688064192578E-5
6.2688064192578E-5
6.2688064192578E-5
6.2688064192578E-5
6.2688064192578E-5
6.2688064192578E-5
6.2688064192578E-5
0.00031344032096289
6.2688064192578E-5
0.00012537612838516
6.2688064192578E-5
0.00037612838515547
6.2688064192578E-5
6.2688064192578E-5
6.2688064192578E-5
6.2688064192578E-5
6.2688064192578E-5
6.2688064192578E-5
6.2688064192578E-5
6.2688064192578E-5
6.2688064192578E-5
6.2688064192578E-5
6.2688064192578E-5
6.2688064192578E-5
6.2688064192578E-5
0.00012537612838516
6.2688064192578E-5
0.00012537612838516
6.2688064192578E-5
0.00012537612838516
0.00012537612838516
6.2688064192578E-5
6.2688064192578E-5
6.2688064192578E-5
0.00012537612838516
0.00025075225677031
6.2688064192578E-5
6.2688064192578E-5
6.2688064192578E-5
6.2688064192578E-5
6.2688064192578E-5
6.2688064192578E-5
6.2688064192578E-5
0.00012537612838516
6.2688064192578E-5
6.2688064192578E-5
6.2688064192578E-5
6.2688064192578E-5
6.2688064192578E-5
0.00025075225677031
6.2688064192578E-5
6.2688064192578E-5
6.2688064192578E-5
6.2688064192578E-5
6.2688064192578E-5
6.2688064192578E-5
6.2688064192578E-5
6.2688064192578E-5
6.2688064192578E-5
6.2688064192578E-5
6.2688064192578E-5
6.2688064192578E-5
6.2688064192578E-5
6.2688064192578E-5
6.2688064192578E-5
6.2688064192578E-5
6.2688064192578E-5
6.2688064192578E-5
6.2688064192578E-5
0.00012537612838516
6.2688064192578E-5
6.2688064192578E-5
6.2688064192578E-5
6.2688064192578E-5
6.2688064192578E-5
6.2688064192578E-5
6.2688064192578E-5
6.2688064192578E-5
6.2688064192578E-5
6.2688064192578E-5
6.2688064192578E-5
6.2688064192578E-5
6.2688064192578E-5
6.2688064192578E-5
6.2688064192578E-5
0.00012537612838516
0.00018806419257773
6.2688064192578E-5
6.2688064192578E-5
6.2688064192578E-5
6.2688064192578E-5
6.2688064192578E-5
0.00012537612838516
6.2688064192578E-5
6.2688064192578E-5
6.2688064192578E-5
6.2688064192578E-5
6.2688064192578E-5
6.2688064192578E-5
6.2688064192578E-5
0.00012537612838516
6.2688064192578E-5
6.2688064192578E-5
0.00012537612838516
0.00018806419257773
6.2688064192578E-5
6.2688064192578E-5
6.2688064192578E-5
6.2688064192578E-5
6.2688064192578E-5
6.2688064192578E-5
6.2688064192578E-5
6.2688064192578E-5
0.00012537612838516
6.2688064192578E-5
6.2688064192578E-5
6.2688064192578E-5
6.2688064192578E-5
0.00012537612838516
6.2688064192578E-5
6.2688064192578E-5
6.2688064192578E-5
6.2688064192578E-5
6.2688064192578E-5
6.2688064192578E-5
6.2688064192578E-5
6.2688064192578E-5
0.00012537612838516
6.2688064192578E-5
6.2688064192578E-5
6.2688064192578E-5
6.2688064192578E-5
6.2688064192578E-5
6.2688064192578E-5
6.2688064192578E-5
6.2688064192578E-5
6.2688064192578E-5
0.00012537612838516
6.2688064192578E-5
6.2688064192578E-5
6.2688064192578E-5
6.2688064192578E-5
6.2688064192578E-5
6.2688064192578E-5
6.2688064192578E-5
6.2688064192578E-5
6.2688064192578E-5
6.2688064192578E-5
6.2688064192578E-5
6.2688064192578E-5
0.00012537612838516
0.00012537612838516
6.2688064192578E-5
6.2688064192578E-5
6.2688064192578E-5
6.2688064192578E-5
6.2688064192578E-5
6.2688064192578E-5
0.00012537612838516
6.2688064192578E-5
6.2688064192578E-5
6.2688064192578E-5
6.2688064192578E-5
6.2688064192578E-5
6.2688064192578E-5
6.2688064192578E-5
6.2688064192578E-5
6.2688064192578E-5
6.2688064192578E-5
6.2688064192578E-5
6.2688064192578E-5
6.2688064192578E-5
6.2688064192578E-5
6.2688064192578E-5
6.2688064192578E-5
6.2688064192578E-5
6.2688064192578E-5
6.2688064192578E-5
6.2688064192578E-5
6.2688064192578E-5
6.2688064192578E-5
6.2688064192578E-5
6.2688064192578E-5
6.2688064192578E-5
6.2688064192578E-5
6.2688064192578E-5
6.2688064192578E-5
6.2688064192578E-5
6.2688064192578E-5
6.2688064192578E-5
6.2688064192578E-5
6.2688064192578E-5
6.2688064192578E-5
6.2688064192578E-5
6.2688064192578E-5
6.2688064192578E-5
6.2688064192578E-5
6.2688064192578E-5
6.2688064192578E-5
6.2688064192578E-5
6.2688064192578E-5
6.2688064192578E-5
6.2688064192578E-5
6.2688064192578E-5
6.2688064192578E-5
6.2688064192578E-5
6.2688064192578E-5
6.2688064192578E-5
6.2688064192578E-5
6.2688064192578E-5
6.2688064192578E-5
6.2688064192578E-5
6.2688064192578E-5
6.2688064192578E-5
6.2688064192578E-5
6.2688064192578E-5
6.2688064192578E-5
6.2688064192578E-5
6.2688064192578E-5
6.2688064192578E-5
6.2688064192578E-5
6.2688064192578E-5
0.00012537612838516
6.2688064192578E-5
6.2688064192578E-5
6.2688064192578E-5
0.00018806419257773
6.2688064192578E-5
0.00012537612838516
0.00012537612838516
6.2688064192578E-5
6.2688064192578E-5
6.2688064192578E-5
6.2688064192578E-5
6.2688064192578E-5
0.00012537612838516
6.2688064192578E-5
6.2688064192578E-5
6.2688064192578E-5
6.2688064192578E-5
6.2688064192578E-5
6.2688064192578E-5
6.2688064192578E-5
6.2688064192578E-5
6.2688064192578E-5
6.2688064192578E-5
6.2688064192578E-5
6.2688064192578E-5
6.2688064192578E-5
6.2688064192578E-5
6.2688064192578E-5
6.2688064192578E-5
6.2688064192578E-5
6.2688064192578E-5
6.2688064192578E-5
6.2688064192578E-5
6.2688064192578E-5
6.2688064192578E-5
6.2688064192578E-5
6.2688064192578E-5
6.2688064192578E-5
6.2688064192578E-5
0.00012537612838516
6.2688064192578E-5
6.2688064192578E-5
6.2688064192578E-5
6.2688064192578E-5
0.00012537612838516
6.2688064192578E-5
6.2688064192578E-5
6.2688064192578E-5
6.2688064192578E-5
6.2688064192578E-5
6.2688064192578E-5
6.2688064192578E-5
6.2688064192578E-5
0.00012537612838516
6.2688064192578E-5
6.2688064192578E-5
6.2688064192578E-5
6.2688064192578E-5
6.2688064192578E-5
6.2688064192578E-5
0.00012537612838516
6.2688064192578E-5
6.2688064192578E-5
6.2688064192578E-5
6.2688064192578E-5
6.2688064192578E-5
6.2688064192578E-5
6.2688064192578E-5
6.2688064192578E-5
6.2688064192578E-5
6.2688064192578E-5
6.2688064192578E-5
6.2688064192578E-5
6.2688064192578E-5
6.2688064192578E-5
6.2688064192578E-5
6.2688064192578E-5
6.2688064192578E-5
6.2688064192578E-5
6.2688064192578E-5
6.2688064192578E-5
0.00018806419257773
6.2688064192578E-5
0.00018806419257773
0.00012537612838516
0.00012537612838516
6.2688064192578E-5
6.2688064192578E-5
6.2688064192578E-5
6.2688064192578E-5
6.2688064192578E-5
6.2688064192578E-5
6.2688064192578E-5
6.2688064192578E-5
6.2688064192578E-5
6.2688064192578E-5
6.2688064192578E-5
6.2688064192578E-5
6.2688064192578E-5
0.00012537612838516
6.2688064192578E-5
6.2688064192578E-5
6.2688064192578E-5
6.2688064192578E-5
6.2688064192578E-5
6.2688064192578E-5
6.2688064192578E-5
6.2688064192578E-5
6.2688064192578E-5
6.2688064192578E-5
6.2688064192578E-5
0.00012537612838516
6.2688064192578E-5
6.2688064192578E-5
0.00012537612838516
6.2688064192578E-5
6.2688064192578E-5
6.2688064192578E-5
6.2688064192578E-5
6.2688064192578E-5
6.2688064192578E-5
0.00018806419257773
6.2688064192578E-5
6.2688064192578E-5
6.2688064192578E-5
6.2688064192578E-5
0.00012537612838516
6.2688064192578E-5
6.2688064192578E-5
6.2688064192578E-5
6.2688064192578E-5
6.2688064192578E-5
6.2688064192578E-5
6.2688064192578E-5
6.2688064192578E-5
6.2688064192578E-5
6.2688064192578E-5
6.2688064192578E-5
6.2688064192578E-5
6.2688064192578E-5
0.00012537612838516
6.2688064192578E-5
6.2688064192578E-5
6.2688064192578E-5
6.2688064192578E-5
0.00012537612838516
6.2688064192578E-5
0.00012537612838516
6.2688064192578E-5
6.2688064192578E-5
6.2688064192578E-5
0.00018806419257773
0.00012537612838516
0.00012537612838516
0.00018806419257773
0.00018806419257773
0.00012537612838516
0.00012537612838516
0.00012537612838516
0.00012537612838516
0.00012537612838516
0.00018806419257773
0.00012537612838516
0.00012537612838516
0.00025075225677031
0.00012537612838516
0.00012537612838516
0.00012537612838516
0.00012537612838516
0.00012537612838516
0.00037612838515547
0.00012537612838516
0.00012537612838516
0.00012537612838516
0.00012537612838516
0.00012537612838516
0.00012537612838516
0.00012537612838516
0.00012537612838516
0.00012537612838516
0.00012537612838516
0.00012537612838516
0.00012537612838516
0.00018806419257773
0.00012537612838516
0.00012537612838516
0.00018806419257773
0.00012537612838516
0.00012537612838516
0.00012537612838516
0.00012537612838516
0.00012537612838516
0.00012537612838516
0.00025075225677031
0.00012537612838516
0.00018806419257773
0.00018806419257773
0.00012537612838516
0.00012537612838516
0.00012537612838516
0.00012537612838516
0.00018806419257773
0.00012537612838516
0.0010030090270812
0.00012537612838516
0.00031344032096289
0.00018806419257773
0.00018806419257773
0.00012537612838516
0.00018806419257773
0.00012537612838516
0.00012537612838516
0.00012537612838516
0.00012537612838516
0.00018806419257773
0.00012537612838516
0.00018806419257773
0.00012537612838516
0.00012537612838516
0.00012537612838516
0.00031344032096289
0.00018806419257773
0.00012537612838516
0.00025075225677031
0.00012537612838516
0.00012537612838516
0.00012537612838516
0.00012537612838516
0.00012537612838516
0.00025075225677031
0.00012537612838516
0.00012537612838516
0.00018806419257773
0.00012537612838516
0.00012537612838516
0.00012537612838516
0.00012537612838516
0.00018806419257773
0.00012537612838516
0.00012537612838516
0.00012537612838516
0.00012537612838516
0.00012537612838516
0.00012537612838516
0.00037612838515547
0.00012537612838516
0.00012537612838516
0.00012537612838516
0.00018806419257773
0.00050150451354062
0.00012537612838516
0.00012537612838516
0.00018806419257773
0.00012537612838516
0.00031344032096289
0.00012537612838516
0.00012537612838516
0.00012537612838516
0.00018806419257773
0.00012537612838516
0.00012537612838516
0.00012537612838516
0.00012537612838516
0.00012537612838516
0.00012537612838516
0.00012537612838516
0.00012537612838516
0.00012537612838516
0.00012537612838516
0.00012537612838516
0.00012537612838516
0.00018806419257773
0.00012537612838516
0.00012537612838516
0.00012537612838516
0.00012537612838516
0.00012537612838516
0.00012537612838516
0.00012537612838516
0.00012537612838516
0.00012537612838516
0.00012537612838516
0.00012537612838516
0.00012537612838516
0.00012537612838516
0.00012537612838516
0.00012537612838516
0.00012537612838516
0.00012537612838516
0.00012537612838516
0.00012537612838516
0.00012537612838516
0.00012537612838516
0.00012537612838516
0.00012537612838516
0.00012537612838516
0.00025075225677031
0.00012537612838516
0.00012537612838516
0.00012537612838516
0.00012537612838516
0.00012537612838516
0.00012537612838516
0.00012537612838516
0.00012537612838516
0.00012537612838516
0.00012537612838516
0.00012537612838516
0.00012537612838516
0.00025075225677031
0.00012537612838516
0.00012537612838516
0.00018806419257773
0.00012537612838516
0.00012537612838516
0.00018806419257773
0.00012537612838516
0.00012537612838516
0.00012537612838516
0.00012537612838516
0.00018806419257773
0.00018806419257773
0.00012537612838516
0.00012537612838516
0.00012537612838516
0.00012537612838516
0.00012537612838516
0.00012537612838516
0.00012537612838516
0.00012537612838516
0.00018806419257773
0.00012537612838516
0.00012537612838516
0.00012537612838516
0.00012537612838516
0.00018806419257773
0.00018806419257773
0.00018806419257773
0.00012537612838516
0.00012537612838516
0.00012537612838516
0.00012537612838516
0.00012537612838516
0.00012537612838516
0.00012537612838516
0.00012537612838516
0.00012537612838516
0.00012537612838516
0.00012537612838516
0.00012537612838516
0.00012537612838516
0.00012537612838516
0.00012537612838516
0.00012537612838516
0.00018806419257773
0.00012537612838516
0.00012537612838516
0.00025075225677031
0.00012537612838516
0.00012537612838516
0.00012537612838516
0.00012537612838516
0.00012537612838516
0.00012537612838516
0.00012537612838516
0.00012537612838516
0.00012537612838516
0.00012537612838516
0.00012537612838516
0.00012537612838516
0.00012537612838516
0.00018806419257773
0.00012537612838516
0.00012537612838516
0.00012537612838516
0.00012537612838516
0.00012537612838516
0.00012537612838516
0.00012537612838516
0.00012537612838516
0.00018806419257773
0.00012537612838516
0.00012537612838516
0.00012537612838516
0.00018806419257773
0.00012537612838516
0.00012537612838516
0.00018806419257773
0.00012537612838516
0.00012537612838516
0.00012537612838516
0.00012537612838516
0.00012537612838516
0.00012537612838516
0.00012537612838516
0.00012537612838516
0.00012537612838516
0.00012537612838516
0.00012537612838516
0.00012537612838516
0.00012537612838516
0.00012537612838516
0.00012537612838516
0.00012537612838516
0.00012537612838516
0.00012537612838516
0.00012537612838516
0.00012537612838516
0.00012537612838516
0.00012537612838516
0.00012537612838516
0.00012537612838516
0.00025075225677031
0.00012537612838516
0.00012537612838516
0.00012537612838516
0.00012537612838516
0.00012537612838516
0.00012537612838516
0.00012537612838516
0.00012537612838516
0.00012537612838516
0.00012537612838516
0.00012537612838516
0.00012537612838516
0.00012537612838516
0.00012537612838516
0.00012537612838516
0.00012537612838516
0.00012537612838516
0.00012537612838516
0.00012537612838516
0.00012537612838516
0.00012537612838516
0.00012537612838516
0.00012537612838516
0.00012537612838516
0.00012537612838516
0.00012537612838516
0.00012537612838516
0.00012537612838516
0.00012537612838516
0.00012537612838516
0.00012537612838516
0.00012537612838516
0.00012537612838516
0.00012537612838516
0.00012537612838516
0.00012537612838516
0.00012537612838516
0.00012537612838516
0.00012537612838516
0.00012537612838516
0.00012537612838516
0.00012537612838516
0.00012537612838516
0.00012537612838516
0.00012537612838516
0.00012537612838516
0.00012537612838516
0.00012537612838516
0.00012537612838516
0.00012537612838516
0.00012537612838516
0.00012537612838516
0.00012537612838516
0.00012537612838516
0.00012537612838516
0.00012537612838516
0.00012537612838516
0.00012537612838516
0.00012537612838516
0.00012537612838516
0.00012537612838516
0.00012537612838516
0.00018806419257773
0.00012537612838516
0.00012537612838516
0.00012537612838516
0.00012537612838516
0.00012537612838516
0.00012537612838516
0.00012537612838516
0.00012537612838516
0.00012537612838516
0.00012537612838516
0.00012537612838516
0.00012537612838516
0.00012537612838516
0.00012537612838516
0.00012537612838516
0.00012537612838516
0.00012537612838516
0.00012537612838516
0.00012537612838516
0.00012537612838516
0.00012537612838516
0.00012537612838516
